"","id","round","lambda","beta","tau","mu","x1","x2","choices"
"choice",1,1,3.03584349426126,0.354028753355421,0.0516994720981932,13.820979582812,7,0,57
"ind",1,1,3.03584349426126,0.354028753355421,0.0516994720981932,12.7196672169529,2,0,17
"ind.1",1,1,3.03584349426126,0.354028753355421,0.0516994720981932,35.3226146246675,0,5,6
"ind.2",1,1,3.03584349426126,0.354028753355421,0.0516994720981932,35.0025108192467,2,5,22
"ind.3",1,1,3.03584349426126,0.354028753355421,0.0516994720981932,36.7719016066942,6,5,54
"ind.4",1,1,3.03584349426126,0.354028753355421,0.0516994720981932,47.941920330433,5,7,48
"ind.5",1,1,3.03584349426126,0.354028753355421,0.0516994720981932,45.7097555673422,6,7,56
"ind.6",1,1,3.03584349426126,0.354028753355421,0.0516994720981932,43.1186963953657,0,7,8
"ind.7",1,1,3.03584349426126,0.354028753355421,0.0516994720981932,48.7384434086197,2,7,24
"ind.8",1,1,3.03584349426126,0.354028753355421,0.0516994720981932,40.2269702242602,1,6,15
"ind.9",1,1,3.03584349426126,0.354028753355421,0.0516994720981932,48.7384434086197,2,7,24
"ind.10",1,1,3.03584349426126,0.354028753355421,0.0516994720981932,47.941920330433,5,7,48
"ind.11",1,1,3.03584349426126,0.354028753355421,0.0516994720981932,50,3,7,32
"ind.12",1,1,3.03584349426126,0.354028753355421,0.0516994720981932,48.7384434086197,2,7,24
"ind.13",1,1,3.03584349426126,0.354028753355421,0.0516994720981932,50,3,7,32
"ind.14",1,1,3.03584349426126,0.354028753355421,0.0516994720981932,50,3,7,32
"ind.15",1,1,3.03584349426126,0.354028753355421,0.0516994720981932,50,3,7,32
"ind.16",1,1,3.03584349426126,0.354028753355421,0.0516994720981932,47.941920330433,5,7,48
"ind.17",1,1,3.03584349426126,0.354028753355421,0.0516994720981932,49.6604002969904,4,7,40
"ind.18",1,1,3.03584349426126,0.354028753355421,0.0516994720981932,43.291052119213,7,6,63
"ind.19",1,1,3.03584349426126,0.354028753355421,0.0516994720981932,49.6604002969904,4,7,40
"ind.20",1,1,3.03584349426126,0.354028753355421,0.0516994720981932,30.1428546267465,6,4,53
"ind.21",1,1,3.03584349426126,0.354028753355421,0.0516994720981932,50,3,7,32
"ind.22",1,1,3.03584349426126,0.354028753355421,0.0516994720981932,44.0649363552193,7,7,64
"ind.23",1,1,3.03584349426126,0.354028753355421,0.0516994720981932,48.7384434086197,2,7,24
"ind.24",1,1,3.03584349426126,0.354028753355421,0.0516994720981932,50,3,7,32
"choice1",1,2,3.03584349426126,0.354028753355421,0.0516994720981932,16.2370942344974,0,1,2
"ind1",1,2,3.03584349426126,0.354028753355421,0.0516994720981932,6.53833637167064,5,4,45
"ind.110",1,2,3.03584349426126,0.354028753355421,0.0516994720981932,32.4693260103163,1,7,16
"ind.25",1,2,3.03584349426126,0.354028753355421,0.0516994720981932,40.0074721493694,0,7,8
"ind.31",1,2,3.03584349426126,0.354028753355421,0.0516994720981932,37.9234406876859,7,1,58
"ind.41",1,2,3.03584349426126,0.354028753355421,0.0516994720981932,50,7,0,57
"ind.51",1,2,3.03584349426126,0.354028753355421,0.0516994720981932,42.9789704995159,5,0,41
"ind.61",1,2,3.03584349426126,0.354028753355421,0.0516994720981932,47.5313933042731,6,0,49
"ind.71",1,2,3.03584349426126,0.354028753355421,0.0516994720981932,50,7,0,57
"ind.81",1,2,3.03584349426126,0.354028753355421,0.0516994720981932,50,7,0,57
"ind.91",1,2,3.03584349426126,0.354028753355421,0.0516994720981932,47.5313933042731,6,0,49
"ind.101",1,2,3.03584349426126,0.354028753355421,0.0516994720981932,50,7,0,57
"ind.111",1,2,3.03584349426126,0.354028753355421,0.0516994720981932,50,7,0,57
"ind.121",1,2,3.03584349426126,0.354028753355421,0.0516994720981932,50,7,0,57
"ind.131",1,2,3.03584349426126,0.354028753355421,0.0516994720981932,50,7,0,57
"ind.141",1,2,3.03584349426126,0.354028753355421,0.0516994720981932,50,7,0,57
"ind.151",1,2,3.03584349426126,0.354028753355421,0.0516994720981932,50,7,0,57
"ind.161",1,2,3.03584349426126,0.354028753355421,0.0516994720981932,50,7,0,57
"ind.171",1,2,3.03584349426126,0.354028753355421,0.0516994720981932,50,7,0,57
"ind.181",1,2,3.03584349426126,0.354028753355421,0.0516994720981932,50,7,0,57
"ind.191",1,2,3.03584349426126,0.354028753355421,0.0516994720981932,50,7,0,57
"ind.201",1,2,3.03584349426126,0.354028753355421,0.0516994720981932,50,7,0,57
"ind.211",1,2,3.03584349426126,0.354028753355421,0.0516994720981932,50,7,0,57
"ind.221",1,2,3.03584349426126,0.354028753355421,0.0516994720981932,23.1236900919609,0,5,6
"ind.231",1,2,3.03584349426126,0.354028753355421,0.0516994720981932,47.5313933042731,6,0,49
"ind.241",1,2,3.03584349426126,0.354028753355421,0.0516994720981932,50,7,0,57
"choice2",1,3,3.03584349426126,0.354028753355421,0.0516994720981932,22.259444773763,5,5,46
"ind2",1,3,3.03584349426126,0.354028753355421,0.0516994720981932,47.9352653649171,1,2,11
"ind.112",1,3,3.03584349426126,0.354028753355421,0.0516994720981932,40.9957319218265,2,0,17
"ind.26",1,3,3.03584349426126,0.354028753355421,0.0516994720981932,31.655880804482,1,5,14
"ind.32",1,3,3.03584349426126,0.354028753355421,0.0516994720981932,40.6937055057274,0,1,2
"ind.42",1,3,3.03584349426126,0.354028753355421,0.0516994720981932,47.6129147676592,2,1,18
"ind.52",1,3,3.03584349426126,0.354028753355421,0.0516994720981932,41.0892378825164,3,0,25
"ind.62",1,3,3.03584349426126,0.354028753355421,0.0516994720981932,35.6974682325242,5,1,42
"ind.72",1,3,3.03584349426126,0.354028753355421,0.0516994720981932,47.9352653649171,1,2,11
"ind.82",1,3,3.03584349426126,0.354028753355421,0.0516994720981932,47.4727328539843,2,3,20
"ind.92",1,3,3.03584349426126,0.354028753355421,0.0516994720981932,50,2,2,19
"ind.102",1,3,3.03584349426126,0.354028753355421,0.0516994720981932,47.6129147676592,2,1,18
"ind.113",1,3,3.03584349426126,0.354028753355421,0.0516994720981932,47.4727328539843,2,3,20
"ind.122",1,3,3.03584349426126,0.354028753355421,0.0516994720981932,47.9352653649171,1,2,11
"ind.132",1,3,3.03584349426126,0.354028753355421,0.0516994720981932,47.9352653649171,1,2,11
"ind.142",1,3,3.03584349426126,0.354028753355421,0.0516994720981932,45.973184400974,1,3,12
"ind.152",1,3,3.03584349426126,0.354028753355421,0.0516994720981932,49.195387440018,3,2,27
"ind.162",1,3,3.03584349426126,0.354028753355421,0.0516994720981932,50,2,2,19
"ind.172",1,3,3.03584349426126,0.354028753355421,0.0516994720981932,40.6937055057274,0,1,2
"ind.182",1,3,3.03584349426126,0.354028753355421,0.0516994720981932,49.195387440018,3,2,27
"ind.192",1,3,3.03584349426126,0.354028753355421,0.0516994720981932,41.0892378825164,3,0,25
"ind.202",1,3,3.03584349426126,0.354028753355421,0.0516994720981932,45.973184400974,1,3,12
"ind.212",1,3,3.03584349426126,0.354028753355421,0.0516994720981932,45.973184400974,1,3,12
"ind.222",1,3,3.03584349426126,0.354028753355421,0.0516994720981932,45.973184400974,1,3,12
"ind.232",1,3,3.03584349426126,0.354028753355421,0.0516994720981932,47.6129147676592,2,1,18
"ind.242",1,3,3.03584349426126,0.354028753355421,0.0516994720981932,49.195387440018,3,2,27
"choice3",1,4,3.03584349426126,0.354028753355421,0.0516994720981932,24.7353457043646,7,6,63
"ind3",1,4,3.03584349426126,0.354028753355421,0.0516994720981932,2.07184374188555,7,1,58
"ind.114",1,4,3.03584349426126,0.354028753355421,0.0516994720981932,39.323578535739,1,6,15
"ind.27",1,4,3.03584349426126,0.354028753355421,0.0516994720981932,34.7209029624552,1,0,9
"ind.33",1,4,3.03584349426126,0.354028753355421,0.0516994720981932,33.2968360351734,1,3,12
"ind.43",1,4,3.03584349426126,0.354028753355421,0.0516994720981932,32.8636963039056,2,7,24
"ind.53",1,4,3.03584349426126,0.354028753355421,0.0516994720981932,40.7686542440137,0,5,6
"ind.63",1,4,3.03584349426126,0.354028753355421,0.0516994720981932,40.0425985333527,0,0,1
"ind.73",1,4,3.03584349426126,0.354028753355421,0.0516994720981932,45.0446804493869,0,6,7
"ind.83",1,4,3.03584349426126,0.354028753355421,0.0516994720981932,50,0,7,8
"ind.93",1,4,3.03584349426126,0.354028753355421,0.0516994720981932,50,0,7,8
"ind.103",1,4,3.03584349426126,0.354028753355421,0.0516994720981932,50,0,7,8
"ind.115",1,4,3.03584349426126,0.354028753355421,0.0516994720981932,50,0,7,8
"ind.123",1,4,3.03584349426126,0.354028753355421,0.0516994720981932,50,0,7,8
"ind.133",1,4,3.03584349426126,0.354028753355421,0.0516994720981932,50,0,7,8
"ind.143",1,4,3.03584349426126,0.354028753355421,0.0516994720981932,50,0,7,8
"ind.153",1,4,3.03584349426126,0.354028753355421,0.0516994720981932,41.5674002754876,1,7,16
"ind.163",1,4,3.03584349426126,0.354028753355421,0.0516994720981932,50,0,7,8
"ind.173",1,4,3.03584349426126,0.354028753355421,0.0516994720981932,37.3246064445929,0,3,4
"ind.183",1,4,3.03584349426126,0.354028753355421,0.0516994720981932,50,0,7,8
"ind.193",1,4,3.03584349426126,0.354028753355421,0.0516994720981932,50,0,7,8
"ind.203",1,4,3.03584349426126,0.354028753355421,0.0516994720981932,50,0,7,8
"ind.213",1,4,3.03584349426126,0.354028753355421,0.0516994720981932,50,0,7,8
"ind.223",1,4,3.03584349426126,0.354028753355421,0.0516994720981932,50,0,7,8
"ind.233",1,4,3.03584349426126,0.354028753355421,0.0516994720981932,50,0,7,8
"ind.243",1,4,3.03584349426126,0.354028753355421,0.0516994720981932,50,0,7,8
"choice4",1,5,3.03584349426126,0.354028753355421,0.0516994720981932,33.36559560578,5,6,47
"ind4",1,5,3.03584349426126,0.354028753355421,0.0516994720981932,20.7420364266852,0,6,7
"ind.116",1,5,3.03584349426126,0.354028753355421,0.0516994720981932,40.2716668203323,7,6,63
"ind.28",1,5,3.03584349426126,0.354028753355421,0.0516994720981932,2.64126843979286,5,0,41
"ind.34",1,5,3.03584349426126,0.354028753355421,0.0516994720981932,37.1166929642353,6,6,55
"ind.44",1,5,3.03584349426126,0.354028753355421,0.0516994720981932,50,7,7,64
"ind.54",1,5,3.03584349426126,0.354028753355421,0.0516994720981932,50,7,7,64
"ind.64",1,5,3.03584349426126,0.354028753355421,0.0516994720981932,45.4877398794661,6,7,56
"ind.74",1,5,3.03584349426126,0.354028753355421,0.0516994720981932,50,7,7,64
"ind.84",1,5,3.03584349426126,0.354028753355421,0.0516994720981932,40.2716668203323,7,6,63
"ind.94",1,5,3.03584349426126,0.354028753355421,0.0516994720981932,50,7,7,64
"ind.104",1,5,3.03584349426126,0.354028753355421,0.0516994720981932,39.5564455105259,5,7,48
"ind.117",1,5,3.03584349426126,0.354028753355421,0.0516994720981932,50,7,7,64
"ind.124",1,5,3.03584349426126,0.354028753355421,0.0516994720981932,50,7,7,64
"ind.134",1,5,3.03584349426126,0.354028753355421,0.0516994720981932,50,7,7,64
"ind.144",1,5,3.03584349426126,0.354028753355421,0.0516994720981932,50,7,7,64
"ind.154",1,5,3.03584349426126,0.354028753355421,0.0516994720981932,50,7,7,64
"ind.164",1,5,3.03584349426126,0.354028753355421,0.0516994720981932,50,7,7,64
"ind.174",1,5,3.03584349426126,0.354028753355421,0.0516994720981932,50,7,7,64
"ind.184",1,5,3.03584349426126,0.354028753355421,0.0516994720981932,50,7,7,64
"ind.194",1,5,3.03584349426126,0.354028753355421,0.0516994720981932,50,7,7,64
"ind.204",1,5,3.03584349426126,0.354028753355421,0.0516994720981932,50,7,7,64
"ind.214",1,5,3.03584349426126,0.354028753355421,0.0516994720981932,50,7,7,64
"ind.224",1,5,3.03584349426126,0.354028753355421,0.0516994720981932,50,7,7,64
"ind.234",1,5,3.03584349426126,0.354028753355421,0.0516994720981932,50,7,7,64
"ind.244",1,5,3.03584349426126,0.354028753355421,0.0516994720981932,45.4877398794661,6,7,56
"choice5",1,6,3.03584349426126,0.354028753355421,0.0516994720981932,18.7423740708251,7,1,58
"ind5",1,6,3.03584349426126,0.354028753355421,0.0516994720981932,45.6932071928087,1,0,9
"ind.118",1,6,3.03584349426126,0.354028753355421,0.0516994720981932,1.69130569277155,3,5,30
"ind.29",1,6,3.03584349426126,0.354028753355421,0.0516994720981932,44.7659975675297,0,1,2
"ind.35",1,6,3.03584349426126,0.354028753355421,0.0516994720981932,50,0,0,1
"ind.45",1,6,3.03584349426126,0.354028753355421,0.0516994720981932,45.6932071928087,1,0,9
"ind.55",1,6,3.03584349426126,0.354028753355421,0.0516994720981932,45.6932071928087,1,0,9
"ind.65",1,6,3.03584349426126,0.354028753355421,0.0516994720981932,44.7659975675297,0,1,2
"ind.75",1,6,3.03584349426126,0.354028753355421,0.0516994720981932,50,0,0,1
"ind.85",1,6,3.03584349426126,0.354028753355421,0.0516994720981932,50,0,0,1
"ind.95",1,6,3.03584349426126,0.354028753355421,0.0516994720981932,50,0,0,1
"ind.105",1,6,3.03584349426126,0.354028753355421,0.0516994720981932,50,0,0,1
"ind.119",1,6,3.03584349426126,0.354028753355421,0.0516994720981932,45.6932071928087,1,0,9
"ind.125",1,6,3.03584349426126,0.354028753355421,0.0516994720981932,50,0,0,1
"ind.135",1,6,3.03584349426126,0.354028753355421,0.0516994720981932,50,0,0,1
"ind.145",1,6,3.03584349426126,0.354028753355421,0.0516994720981932,50,0,0,1
"ind.155",1,6,3.03584349426126,0.354028753355421,0.0516994720981932,50,0,0,1
"ind.165",1,6,3.03584349426126,0.354028753355421,0.0516994720981932,45.6932071928087,1,0,9
"ind.175",1,6,3.03584349426126,0.354028753355421,0.0516994720981932,38.9132360058216,1,1,10
"ind.185",1,6,3.03584349426126,0.354028753355421,0.0516994720981932,45.6932071928087,1,0,9
"ind.195",1,6,3.03584349426126,0.354028753355421,0.0516994720981932,44.7659975675297,0,1,2
"ind.205",1,6,3.03584349426126,0.354028753355421,0.0516994720981932,45.6932071928087,1,0,9
"ind.215",1,6,3.03584349426126,0.354028753355421,0.0516994720981932,50,0,0,1
"ind.225",1,6,3.03584349426126,0.354028753355421,0.0516994720981932,45.6932071928087,1,0,9
"ind.235",1,6,3.03584349426126,0.354028753355421,0.0516994720981932,44.7659975675297,0,1,2
"ind.245",1,6,3.03584349426126,0.354028753355421,0.0516994720981932,50,0,0,1
"choice6",1,7,3.03584349426126,0.354028753355421,0.0516994720981932,21.7676806078879,4,7,40
"ind6",1,7,3.03584349426126,0.354028753355421,0.0516994720981932,25.9969371226258,3,3,28
"ind.120",1,7,3.03584349426126,0.354028753355421,0.0516994720981932,0,7,0,57
"ind.210",1,7,3.03584349426126,0.354028753355421,0.0516994720981932,47.1125931667963,0,1,2
"ind.36",1,7,3.03584349426126,0.354028753355421,0.0516994720981932,35.8639946139857,0,4,5
"ind.46",1,7,3.03584349426126,0.354028753355421,0.0516994720981932,30.6117829485491,1,0,9
"ind.56",1,7,3.03584349426126,0.354028753355421,0.0516994720981932,50,0,2,3
"ind.66",1,7,3.03584349426126,0.354028753355421,0.0516994720981932,50,0,2,3
"ind.76",1,7,3.03584349426126,0.354028753355421,0.0516994720981932,45.1099039249908,0,3,4
"ind.86",1,7,3.03584349426126,0.354028753355421,0.0516994720981932,50,0,2,3
"ind.96",1,7,3.03584349426126,0.354028753355421,0.0516994720981932,50,0,2,3
"ind.106",1,7,3.03584349426126,0.354028753355421,0.0516994720981932,45.1099039249908,0,3,4
"ind.1110",1,7,3.03584349426126,0.354028753355421,0.0516994720981932,39.3382815223899,1,3,12
"ind.126",1,7,3.03584349426126,0.354028753355421,0.0516994720981932,45.1099039249908,0,3,4
"ind.136",1,7,3.03584349426126,0.354028753355421,0.0516994720981932,50,0,2,3
"ind.146",1,7,3.03584349426126,0.354028753355421,0.0516994720981932,39.3382815223899,1,3,12
"ind.156",1,7,3.03584349426126,0.354028753355421,0.0516994720981932,50,0,2,3
"ind.166",1,7,3.03584349426126,0.354028753355421,0.0516994720981932,47.1125931667963,0,1,2
"ind.176",1,7,3.03584349426126,0.354028753355421,0.0516994720981932,23.3238178571178,7,7,64
"ind.186",1,7,3.03584349426126,0.354028753355421,0.0516994720981932,50,0,2,3
"ind.196",1,7,3.03584349426126,0.354028753355421,0.0516994720981932,50,0,2,3
"ind.206",1,7,3.03584349426126,0.354028753355421,0.0516994720981932,50,0,2,3
"ind.216",1,7,3.03584349426126,0.354028753355421,0.0516994720981932,47.1125931667963,0,1,2
"ind.226",1,7,3.03584349426126,0.354028753355421,0.0516994720981932,47.1125931667963,0,1,2
"ind.236",1,7,3.03584349426126,0.354028753355421,0.0516994720981932,50,0,2,3
"ind.246",1,7,3.03584349426126,0.354028753355421,0.0516994720981932,42.7810134515258,1,2,11
"choice7",1,8,3.03584349426126,0.354028753355421,0.0516994720981932,20.97264337433,4,5,38
"ind7",1,8,3.03584349426126,0.354028753355421,0.0516994720981932,43.3245551790596,7,4,61
"ind.127",1,8,3.03584349426126,0.354028753355421,0.0516994720981932,46.9078637912233,7,6,63
"ind.217",1,8,3.03584349426126,0.354028753355421,0.0516994720981932,36.6826014649481,6,7,56
"ind.37",1,8,3.03584349426126,0.354028753355421,0.0516994720981932,36.6826014649481,6,7,56
"ind.47",1,8,3.03584349426126,0.354028753355421,0.0516994720981932,41.7410849115215,5,0,41
"ind.57",1,8,3.03584349426126,0.354028753355421,0.0516994720981932,42.5822913880899,3,0,25
"ind.67",1,8,3.03584349426126,0.354028753355421,0.0516994720981932,40.0717917559083,4,1,34
"ind.77",1,8,3.03584349426126,0.354028753355421,0.0516994720981932,46.9078637912233,7,6,63
"ind.87",1,8,3.03584349426126,0.354028753355421,0.0516994720981932,42.7648567434996,4,0,33
"ind.97",1,8,3.03584349426126,0.354028753355421,0.0516994720981932,22.2712626349265,0,1,2
"ind.107",1,8,3.03584349426126,0.354028753355421,0.0516994720981932,42.7648567434996,4,0,33
"ind.1111",1,8,3.03584349426126,0.354028753355421,0.0516994720981932,39.6521500846676,7,0,57
"ind.128",1,8,3.03584349426126,0.354028753355421,0.0516994720981932,44.677243157456,7,5,62
"ind.137",1,8,3.03584349426126,0.354028753355421,0.0516994720981932,43.3245551790596,7,4,61
"ind.147",1,8,3.03584349426126,0.354028753355421,0.0516994720981932,42.7648567434996,4,0,33
"ind.157",1,8,3.03584349426126,0.354028753355421,0.0516994720981932,39.6521500846676,7,0,57
"ind.167",1,8,3.03584349426126,0.354028753355421,0.0516994720981932,36.6684604711474,6,5,54
"ind.177",1,8,3.03584349426126,0.354028753355421,0.0516994720981932,43.3245551790596,7,4,61
"ind.187",1,8,3.03584349426126,0.354028753355421,0.0516994720981932,42.7648567434996,4,0,33
"ind.197",1,8,3.03584349426126,0.354028753355421,0.0516994720981932,39.9493682207123,6,2,51
"ind.207",1,8,3.03584349426126,0.354028753355421,0.0516994720981932,40.3813172559399,7,1,58
"ind.218",1,8,3.03584349426126,0.354028753355421,0.0516994720981932,50,7,7,64
"ind.227",1,8,3.03584349426126,0.354028753355421,0.0516994720981932,32.8953804970448,3,2,27
"ind.237",1,8,3.03584349426126,0.354028753355421,0.0516994720981932,42.5822913880899,3,0,25
"ind.247",1,8,3.03584349426126,0.354028753355421,0.0516994720981932,39.9493682207123,6,2,51
"choice8",1,9,3.03584349426126,0.354028753355421,0.0516994720981932,24.6786613309046,4,5,38
"ind8",1,9,3.03584349426126,0.354028753355421,0.0516994720981932,17.9785965425856,7,3,60
"ind.129",1,9,3.03584349426126,0.354028753355421,0.0516994720981932,47.1125931667963,0,1,2
"ind.219",1,9,3.03584349426126,0.354028753355421,0.0516994720981932,34.3181375356934,2,2,19
"ind.38",1,9,3.03584349426126,0.354028753355421,0.0516994720981932,34.7254963586273,0,0,1
"ind.48",1,9,3.03584349426126,0.354028753355421,0.0516994720981932,45.1099039249908,0,3,4
"ind.58",1,9,3.03584349426126,0.354028753355421,0.0516994720981932,22.6968791772708,6,7,56
"ind.68",1,9,3.03584349426126,0.354028753355421,0.0516994720981932,50,0,2,3
"ind.78",1,9,3.03584349426126,0.354028753355421,0.0516994720981932,50,0,2,3
"ind.88",1,9,3.03584349426126,0.354028753355421,0.0516994720981932,50,0,2,3
"ind.98",1,9,3.03584349426126,0.354028753355421,0.0516994720981932,39.3382815223899,1,3,12
"ind.108",1,9,3.03584349426126,0.354028753355421,0.0516994720981932,50,0,2,3
"ind.1112",1,9,3.03584349426126,0.354028753355421,0.0516994720981932,50,0,2,3
"ind.1210",1,9,3.03584349426126,0.354028753355421,0.0516994720981932,50,0,2,3
"ind.138",1,9,3.03584349426126,0.354028753355421,0.0516994720981932,50,0,2,3
"ind.148",1,9,3.03584349426126,0.354028753355421,0.0516994720981932,50,0,2,3
"ind.158",1,9,3.03584349426126,0.354028753355421,0.0516994720981932,50,0,2,3
"ind.168",1,9,3.03584349426126,0.354028753355421,0.0516994720981932,50,0,2,3
"ind.178",1,9,3.03584349426126,0.354028753355421,0.0516994720981932,50,0,2,3
"ind.188",1,9,3.03584349426126,0.354028753355421,0.0516994720981932,50,0,2,3
"ind.198",1,9,3.03584349426126,0.354028753355421,0.0516994720981932,50,0,2,3
"ind.208",1,9,3.03584349426126,0.354028753355421,0.0516994720981932,50,0,2,3
"ind.2110",1,9,3.03584349426126,0.354028753355421,0.0516994720981932,50,0,2,3
"ind.228",1,9,3.03584349426126,0.354028753355421,0.0516994720981932,45.1099039249908,0,3,4
"ind.238",1,9,3.03584349426126,0.354028753355421,0.0516994720981932,50,0,2,3
"ind.248",1,9,3.03584349426126,0.354028753355421,0.0516994720981932,47.1125931667963,0,1,2
"choice9",2,1,3.77731640163551,0.354028753355421,0.0516994720981932,0,1,7,16
"ind9",2,1,3.77731640163551,0.354028753355421,0.0516994720981932,37.0733976471734,7,0,57
"ind.130",2,1,3.77731640163551,0.354028753355421,0.0516994720981932,35.7095204670015,6,2,51
"ind.220",2,1,3.77731640163551,0.354028753355421,0.0516994720981932,23.3268237647486,7,5,62
"ind.39",2,1,3.77731640163551,0.354028753355421,0.0516994720981932,50,4,0,33
"ind.49",2,1,3.77731640163551,0.354028753355421,0.0516994720981932,42.1875422806322,1,0,9
"ind.59",2,1,3.77731640163551,0.354028753355421,0.0516994720981932,43.5033236649675,3,1,26
"ind.69",2,1,3.77731640163551,0.354028753355421,0.0516994720981932,50,4,0,33
"ind.79",2,1,3.77731640163551,0.354028753355421,0.0516994720981932,48.8647604291603,3,0,25
"ind.89",2,1,3.77731640163551,0.354028753355421,0.0516994720981932,48.5917085156925,5,0,41
"ind.99",2,1,3.77731640163551,0.354028753355421,0.0516994720981932,48.5917085156925,5,0,41
"ind.109",2,1,3.77731640163551,0.354028753355421,0.0516994720981932,43.5033236649675,3,1,26
"ind.1113",2,1,3.77731640163551,0.354028753355421,0.0516994720981932,48.5917085156925,5,0,41
"ind.1211",2,1,3.77731640163551,0.354028753355421,0.0516994720981932,48.5917085156925,5,0,41
"ind.139",2,1,3.77731640163551,0.354028753355421,0.0516994720981932,50,4,0,33
"ind.149",2,1,3.77731640163551,0.354028753355421,0.0516994720981932,50,4,0,33
"ind.159",2,1,3.77731640163551,0.354028753355421,0.0516994720981932,48.8647604291603,3,0,25
"ind.169",2,1,3.77731640163551,0.354028753355421,0.0516994720981932,50,4,0,33
"ind.179",2,1,3.77731640163551,0.354028753355421,0.0516994720981932,48.5917085156925,5,0,41
"ind.189",2,1,3.77731640163551,0.354028753355421,0.0516994720981932,50,4,0,33
"ind.199",2,1,3.77731640163551,0.354028753355421,0.0516994720981932,48.8647604291603,3,0,25
"ind.209",2,1,3.77731640163551,0.354028753355421,0.0516994720981932,50,4,0,33
"ind.2111",2,1,3.77731640163551,0.354028753355421,0.0516994720981932,50,4,0,33
"ind.229",2,1,3.77731640163551,0.354028753355421,0.0516994720981932,50,4,0,33
"ind.239",2,1,3.77731640163551,0.354028753355421,0.0516994720981932,48.5917085156925,5,0,41
"ind.249",2,1,3.77731640163551,0.354028753355421,0.0516994720981932,50,4,0,33
"choice10",2,2,3.77731640163551,0.354028753355421,0.0516994720981932,37.7396019842733,1,2,11
"ind10",2,2,3.77731640163551,0.354028753355421,0.0516994720981932,46.7639909474402,5,1,42
"ind.140",2,2,3.77731640163551,0.354028753355421,0.0516994720981932,39.1171217654155,7,1,58
"ind.230",2,2,3.77731640163551,0.354028753355421,0.0516994720981932,31.5805530577003,4,4,37
"ind.310",2,2,3.77731640163551,0.354028753355421,0.0516994720981932,47.8699356937976,5,0,41
"ind.410",2,2,3.77731640163551,0.354028753355421,0.0516994720981932,40.9855188134429,1,0,9
"ind.510",2,2,3.77731640163551,0.354028753355421,0.0516994720981932,50,4,0,33
"ind.610",2,2,3.77731640163551,0.354028753355421,0.0516994720981932,37.3197007650746,6,2,51
"ind.710",2,2,3.77731640163551,0.354028753355421,0.0516994720981932,49.9583162556095,3,0,25
"ind.810",2,2,3.77731640163551,0.354028753355421,0.0516994720981932,49.8717004008022,3,1,26
"ind.910",2,2,3.77731640163551,0.354028753355421,0.0516994720981932,50,4,0,33
"ind.1010",2,2,3.77731640163551,0.354028753355421,0.0516994720981932,12.1692131753742,2,7,24
"ind.1114",2,2,3.77731640163551,0.354028753355421,0.0516994720981932,49.8717004008022,3,1,26
"ind.1212",2,2,3.77731640163551,0.354028753355421,0.0516994720981932,47.8699356937976,5,0,41
"ind.1310",2,2,3.77731640163551,0.354028753355421,0.0516994720981932,46.9154250015637,2,1,18
"ind.1410",2,2,3.77731640163551,0.354028753355421,0.0516994720981932,50,4,0,33
"ind.1510",2,2,3.77731640163551,0.354028753355421,0.0516994720981932,47.8699356937976,5,0,41
"ind.1610",2,2,3.77731640163551,0.354028753355421,0.0516994720981932,49.9583162556095,3,0,25
"ind.1710",2,2,3.77731640163551,0.354028753355421,0.0516994720981932,46.9154250015637,2,1,18
"ind.1810",2,2,3.77731640163551,0.354028753355421,0.0516994720981932,46.4635477994682,3,2,27
"ind.1910",2,2,3.77731640163551,0.354028753355421,0.0516994720981932,46.7639909474402,5,1,42
"ind.2010",2,2,3.77731640163551,0.354028753355421,0.0516994720981932,43.661091799691,2,2,19
"ind.2112",2,2,3.77731640163551,0.354028753355421,0.0516994720981932,46.9154250015637,2,1,18
"ind.2210",2,2,3.77731640163551,0.354028753355421,0.0516994720981932,47.8699356937976,5,0,41
"ind.2310",2,2,3.77731640163551,0.354028753355421,0.0516994720981932,46.8649290427744,2,0,17
"ind.2410",2,2,3.77731640163551,0.354028753355421,0.0516994720981932,49.6013852303441,4,1,34
"choice11",2,3,3.77731640163551,0.354028753355421,0.0516994720981932,29.0105331359115,4,5,38
"ind11",2,3,3.77731640163551,0.354028753355421,0.0516994720981932,14.6832111217212,7,7,64
"ind.150",2,3,3.77731640163551,0.354028753355421,0.0516994720981932,43.3525842235189,5,1,42
"ind.240",2,3,3.77731640163551,0.354028753355421,0.0516994720981932,20.7313123553946,2,0,17
"ind.311",2,3,3.77731640163551,0.354028753355421,0.0516994720981932,47.1060891991194,7,1,58
"ind.411",2,3,3.77731640163551,0.354028753355421,0.0516994720981932,46.6059449550207,5,0,41
"ind.511",2,3,3.77731640163551,0.354028753355421,0.0516994720981932,46.6059449550207,5,0,41
"ind.611",2,3,3.77731640163551,0.354028753355421,0.0516994720981932,49.6953329669846,7,0,57
"ind.711",2,3,3.77731640163551,0.354028753355421,0.0516994720981932,49.6953329669846,7,0,57
"ind.811",2,3,3.77731640163551,0.354028753355421,0.0516994720981932,21.7717807095216,0,6,7
"ind.911",2,3,3.77731640163551,0.354028753355421,0.0516994720981932,49.6953329669846,7,0,57
"ind.1011",2,3,3.77731640163551,0.354028753355421,0.0516994720981932,50,6,0,49
"ind.1115",2,3,3.77731640163551,0.354028753355421,0.0516994720981932,46.9509937763959,6,1,50
"ind.1213",2,3,3.77731640163551,0.354028753355421,0.0516994720981932,50,6,0,49
"ind.1311",2,3,3.77731640163551,0.354028753355421,0.0516994720981932,49.6953329669846,7,0,57
"ind.1411",2,3,3.77731640163551,0.354028753355421,0.0516994720981932,46.6059449550207,5,0,41
"ind.1511",2,3,3.77731640163551,0.354028753355421,0.0516994720981932,47.1060891991194,7,1,58
"ind.1611",2,3,3.77731640163551,0.354028753355421,0.0516994720981932,50,6,0,49
"ind.1711",2,3,3.77731640163551,0.354028753355421,0.0516994720981932,50,6,0,49
"ind.1811",2,3,3.77731640163551,0.354028753355421,0.0516994720981932,42.9744916868265,7,2,59
"ind.1911",2,3,3.77731640163551,0.354028753355421,0.0516994720981932,49.6953329669846,7,0,57
"ind.2011",2,3,3.77731640163551,0.354028753355421,0.0516994720981932,47.1060891991194,7,1,58
"ind.2113",2,3,3.77731640163551,0.354028753355421,0.0516994720981932,46.6059449550207,5,0,41
"ind.2211",2,3,3.77731640163551,0.354028753355421,0.0516994720981932,49.6953329669846,7,0,57
"ind.2311",2,3,3.77731640163551,0.354028753355421,0.0516994720981932,50,6,0,49
"ind.2411",2,3,3.77731640163551,0.354028753355421,0.0516994720981932,46.6059449550207,5,0,41
"choice12",2,4,3.77731640163551,0.354028753355421,0.0516994720981932,20.7420364266852,0,6,7
"ind12",2,4,3.77731640163551,0.354028753355421,0.0516994720981932,45.4877398794661,6,7,56
"ind.160",2,4,3.77731640163551,0.354028753355421,0.0516994720981932,29.8009671604722,7,5,62
"ind.250",2,4,3.77731640163551,0.354028753355421,0.0516994720981932,39.5564455105259,5,7,48
"ind.312",2,4,3.77731640163551,0.354028753355421,0.0516994720981932,45.4877398794661,6,7,56
"ind.412",2,4,3.77731640163551,0.354028753355421,0.0516994720981932,50,7,7,64
"ind.512",2,4,3.77731640163551,0.354028753355421,0.0516994720981932,50,7,7,64
"ind.612",2,4,3.77731640163551,0.354028753355421,0.0516994720981932,50,7,7,64
"ind.712",2,4,3.77731640163551,0.354028753355421,0.0516994720981932,45.4877398794661,6,7,56
"ind.812",2,4,3.77731640163551,0.354028753355421,0.0516994720981932,50,7,7,64
"ind.912",2,4,3.77731640163551,0.354028753355421,0.0516994720981932,45.4877398794661,6,7,56
"ind.1012",2,4,3.77731640163551,0.354028753355421,0.0516994720981932,45.4877398794661,6,7,56
"ind.1116",2,4,3.77731640163551,0.354028753355421,0.0516994720981932,50,7,7,64
"ind.1214",2,4,3.77731640163551,0.354028753355421,0.0516994720981932,50,7,7,64
"ind.1312",2,4,3.77731640163551,0.354028753355421,0.0516994720981932,50,7,7,64
"ind.1412",2,4,3.77731640163551,0.354028753355421,0.0516994720981932,50,7,7,64
"ind.1512",2,4,3.77731640163551,0.354028753355421,0.0516994720981932,50,7,7,64
"ind.1612",2,4,3.77731640163551,0.354028753355421,0.0516994720981932,50,7,7,64
"ind.1712",2,4,3.77731640163551,0.354028753355421,0.0516994720981932,50,7,7,64
"ind.1812",2,4,3.77731640163551,0.354028753355421,0.0516994720981932,50,7,7,64
"ind.1912",2,4,3.77731640163551,0.354028753355421,0.0516994720981932,50,7,7,64
"ind.2012",2,4,3.77731640163551,0.354028753355421,0.0516994720981932,50,7,7,64
"ind.2114",2,4,3.77731640163551,0.354028753355421,0.0516994720981932,37.1166929642353,6,6,55
"ind.2212",2,4,3.77731640163551,0.354028753355421,0.0516994720981932,50,7,7,64
"ind.2312",2,4,3.77731640163551,0.354028753355421,0.0516994720981932,50,7,7,64
"ind.2412",2,4,3.77731640163551,0.354028753355421,0.0516994720981932,50,7,7,64
"choice13",2,5,3.77731640163551,0.354028753355421,0.0516994720981932,44.6482538661169,5,2,43
"ind13",2,5,3.77731640163551,0.354028753355421,0.0516994720981932,45.3580793845411,6,4,53
"ind.170",2,5,3.77731640163551,0.354028753355421,0.0516994720981932,45.3222232902186,4,4,37
"ind.251",2,5,3.77731640163551,0.354028753355421,0.0516994720981932,33.0619151799903,2,5,22
"ind.313",2,5,3.77731640163551,0.354028753355421,0.0516994720981932,47.7341467571425,4,7,40
"ind.413",2,5,3.77731640163551,0.354028753355421,0.0516994720981932,40.9462118477777,7,7,64
"ind.513",2,5,3.77731640163551,0.354028753355421,0.0516994720981932,47.2565485567163,7,0,57
"ind.613",2,5,3.77731640163551,0.354028753355421,0.0516994720981932,44.67463363921,6,2,51
"ind.713",2,5,3.77731640163551,0.354028753355421,0.0516994720981932,44.5829479719505,5,1,42
"ind.813",2,5,3.77731640163551,0.354028753355421,0.0516994720981932,50,5,6,47
"ind.913",2,5,3.77731640163551,0.354028753355421,0.0516994720981932,47.2565485567163,7,0,57
"ind.1013",2,5,3.77731640163551,0.354028753355421,0.0516994720981932,45.8991433294015,5,3,44
"ind.1117",2,5,3.77731640163551,0.354028753355421,0.0516994720981932,50,5,6,47
"ind.1215",2,5,3.77731640163551,0.354028753355421,0.0516994720981932,47.7341467571425,4,7,40
"ind.1313",2,5,3.77731640163551,0.354028753355421,0.0516994720981932,48.9907533636157,4,6,39
"ind.1413",2,5,3.77731640163551,0.354028753355421,0.0516994720981932,48.4792380990096,5,7,48
"ind.1513",2,5,3.77731640163551,0.354028753355421,0.0516994720981932,44.6536653860387,6,3,52
"ind.1613",2,5,3.77731640163551,0.354028753355421,0.0516994720981932,47.2565485567163,7,0,57
"ind.1713",2,5,3.77731640163551,0.354028753355421,0.0516994720981932,49.542221261472,5,5,46
"ind.1813",2,5,3.77731640163551,0.354028753355421,0.0516994720981932,49.542221261472,5,5,46
"ind.1913",2,5,3.77731640163551,0.354028753355421,0.0516994720981932,46.6782819270574,6,6,55
"ind.2013",2,5,3.77731640163551,0.354028753355421,0.0516994720981932,46.8464272966918,6,0,49
"ind.2115",2,5,3.77731640163551,0.354028753355421,0.0516994720981932,46.8464272966918,6,0,49
"ind.2213",2,5,3.77731640163551,0.354028753355421,0.0516994720981932,47.8765740090585,4,5,38
"ind.2313",2,5,3.77731640163551,0.354028753355421,0.0516994720981932,46.6782819270574,6,6,55
"ind.2413",2,5,3.77731640163551,0.354028753355421,0.0516994720981932,39.6739170528937,7,6,63
"choice14",2,6,3.77731640163551,0.354028753355421,0.0516994720981932,48.8062473297177,0,1,2
"ind14",2,6,3.77731640163551,0.354028753355421,0.0516994720981932,47.2139045523194,2,1,18
"ind.180",2,6,3.77731640163551,0.354028753355421,0.0516994720981932,26.8725451466771,4,4,37
"ind.252",2,6,3.77731640163551,0.354028753355421,0.0516994720981932,43.5316433612355,2,3,20
"ind.314",2,6,3.77731640163551,0.354028753355421,0.0516994720981932,45.4436513741462,2,2,19
"ind.414",2,6,3.77731640163551,0.354028753355421,0.0516994720981932,47.7192381340826,0,2,3
"ind.514",2,6,3.77731640163551,0.354028753355421,0.0516994720981932,48.5442766164634,0,0,1
"ind.614",2,6,3.77731640163551,0.354028753355421,0.0516994720981932,47.2139045523194,2,1,18
"ind.714",2,6,3.77731640163551,0.354028753355421,0.0516994720981932,33.3836570800294,2,7,24
"ind.814",2,6,3.77731640163551,0.354028753355421,0.0516994720981932,49.6207694340616,1,1,10
"ind.914",2,6,3.77731640163551,0.354028753355421,0.0516994720981932,43.1483614302101,0,4,5
"ind.1014",2,6,3.77731640163551,0.354028753355421,0.0516994720981932,40.3424278589225,0,5,6
"ind.1118",2,6,3.77731640163551,0.354028753355421,0.0516994720981932,48.8062473297177,0,1,2
"ind.1216",2,6,3.77731640163551,0.354028753355421,0.0516994720981932,50,1,0,9
"ind.1314",2,6,3.77731640163551,0.354028753355421,0.0516994720981932,49.6207694340616,1,1,10
"ind.1414",2,6,3.77731640163551,0.354028753355421,0.0516994720981932,48.8062473297177,0,1,2
"ind.1514",2,6,3.77731640163551,0.354028753355421,0.0516994720981932,50,1,0,9
"ind.1614",2,6,3.77731640163551,0.354028753355421,0.0516994720981932,45.1166096922487,3,0,25
"ind.1714",2,6,3.77731640163551,0.354028753355421,0.0516994720981932,43.5316433612355,2,3,20
"ind.1814",2,6,3.77731640163551,0.354028753355421,0.0516994720981932,48.371571815558,1,2,11
"ind.1914",2,6,3.77731640163551,0.354028753355421,0.0516994720981932,50,1,0,9
"ind.2014",2,6,3.77731640163551,0.354028753355421,0.0516994720981932,45.1166096922487,3,0,25
"ind.2116",2,6,3.77731640163551,0.354028753355421,0.0516994720981932,50,1,0,9
"ind.2214",2,6,3.77731640163551,0.354028753355421,0.0516994720981932,49.6207694340616,1,1,10
"ind.2314",2,6,3.77731640163551,0.354028753355421,0.0516994720981932,46.5129898738936,1,3,12
"ind.2414",2,6,3.77731640163551,0.354028753355421,0.0516994720981932,47.7192381340826,0,2,3
"choice15",2,7,3.77731640163551,0.354028753355421,0.0516994720981932,50,1,5,14
"ind15",2,7,3.77731640163551,0.354028753355421,0.0516994720981932,40.0809157506754,0,3,4
"ind.190",2,7,3.77731640163551,0.354028753355421,0.0516994720981932,46.6845625649492,1,7,16
"ind.253",2,7,3.77731640163551,0.354028753355421,0.0516994720981932,37.3979616707358,5,5,46
"ind.315",2,7,3.77731640163551,0.354028753355421,0.0516994720981932,48.5927279548886,1,6,15
"ind.415",2,7,3.77731640163551,0.354028753355421,0.0516994720981932,35.0458851877236,3,2,27
"ind.515",2,7,3.77731640163551,0.354028753355421,0.0516994720981932,44.0811202887644,3,3,28
"ind.615",2,7,3.77731640163551,0.354028753355421,0.0516994720981932,47.809882745726,0,5,6
"ind.715",2,7,3.77731640163551,0.354028753355421,0.0516994720981932,48.6728394087935,1,4,13
"ind.815",2,7,3.77731640163551,0.354028753355421,0.0516994720981932,50,1,5,14
"ind.915",2,7,3.77731640163551,0.354028753355421,0.0516994720981932,48.6728394087935,1,4,13
"ind.1015",2,7,3.77731640163551,0.354028753355421,0.0516994720981932,41.4727314257212,3,6,31
"ind.1119",2,7,3.77731640163551,0.354028753355421,0.0516994720981932,46.5464237347201,3,5,30
"ind.1217",2,7,3.77731640163551,0.354028753355421,0.0516994720981932,47.5147817026113,0,6,7
"ind.1315",2,7,3.77731640163551,0.354028753355421,0.0516994720981932,50,1,5,14
"ind.1415",2,7,3.77731640163551,0.354028753355421,0.0516994720981932,48.6728394087935,1,4,13
"ind.1515",2,7,3.77731640163551,0.354028753355421,0.0516994720981932,47.809882745726,0,5,6
"ind.1615",2,7,3.77731640163551,0.354028753355421,0.0516994720981932,47.9816736981,3,4,29
"ind.1715",2,7,3.77731640163551,0.354028753355421,0.0516994720981932,49.3807771023969,2,5,22
"ind.1815",2,7,3.77731640163551,0.354028753355421,0.0516994720981932,49.3807771023969,2,5,22
"ind.1915",2,7,3.77731640163551,0.354028753355421,0.0516994720981932,49.456179031446,2,4,21
"ind.2015",2,7,3.77731640163551,0.354028753355421,0.0516994720981932,33.5920304140452,6,4,53
"ind.2117",2,7,3.77731640163551,0.354028753355421,0.0516994720981932,46.8216730271491,0,7,8
"ind.2215",2,7,3.77731640163551,0.354028753355421,0.0516994720981932,47.809882745726,0,5,6
"ind.2315",2,7,3.77731640163551,0.354028753355421,0.0516994720981932,47.5147817026113,0,6,7
"ind.2415",2,7,3.77731640163551,0.354028753355421,0.0516994720981932,49.456179031446,2,4,21
"choice16",2,8,3.77731640163551,0.354028753355421,0.0516994720981932,12.7059965719496,0,1,2
"ind16",2,8,3.77731640163551,0.354028753355421,0.0516994720981932,41.9791382053083,7,7,64
"ind.1100",2,8,3.77731640163551,0.354028753355421,0.0516994720981932,30.4011083744696,7,2,59
"ind.254",2,8,3.77731640163551,0.354028753355421,0.0516994720981932,38.7665850141027,4,7,40
"ind.316",2,8,3.77731640163551,0.354028753355421,0.0516994720981932,48.2569832158053,7,5,62
"ind.416",2,8,3.77731640163551,0.354028753355421,0.0516994720981932,50,6,5,54
"ind.516",2,8,3.77731640163551,0.354028753355421,0.0516994720981932,49.2035387251504,6,6,55
"ind.616",2,8,3.77731640163551,0.354028753355421,0.0516994720981932,49.2035387251504,6,6,55
"ind.716",2,8,3.77731640163551,0.354028753355421,0.0516994720981932,45.4535019530727,7,4,61
"ind.816",2,8,3.77731640163551,0.354028753355421,0.0516994720981932,50,6,5,54
"ind.916",2,8,3.77731640163551,0.354028753355421,0.0516994720981932,47.4932352022551,5,6,47
"ind.1016",2,8,3.77731640163551,0.354028753355421,0.0516994720981932,47.2440654899596,5,5,46
"ind.1120",2,8,3.77731640163551,0.354028753355421,0.0516994720981932,50,6,5,54
"ind.1218",2,8,3.77731640163551,0.354028753355421,0.0516994720981932,46.1994957937455,6,4,53
"ind.1316",2,8,3.77731640163551,0.354028753355421,0.0516994720981932,50,6,5,54
"ind.1416",2,8,3.77731640163551,0.354028753355421,0.0516994720981932,48.2569832158053,7,5,62
"ind.1516",2,8,3.77731640163551,0.354028753355421,0.0516994720981932,48.2569832158053,7,5,62
"ind.1616",2,8,3.77731640163551,0.354028753355421,0.0516994720981932,47.4932352022551,5,6,47
"ind.1716",2,8,3.77731640163551,0.354028753355421,0.0516994720981932,39.7731992162812,4,5,38
"ind.1816",2,8,3.77731640163551,0.354028753355421,0.0516994720981932,46.9075097973385,7,6,63
"ind.1916",2,8,3.77731640163551,0.354028753355421,0.0516994720981932,48.2569832158053,7,5,62
"ind.2016",2,8,3.77731640163551,0.354028753355421,0.0516994720981932,47.2440654899596,5,5,46
"ind.2118",2,8,3.77731640163551,0.354028753355421,0.0516994720981932,47.4932352022551,5,6,47
"ind.2216",2,8,3.77731640163551,0.354028753355421,0.0516994720981932,50,6,5,54
"ind.2316",2,8,3.77731640163551,0.354028753355421,0.0516994720981932,48.2569832158053,7,5,62
"ind.2416",2,8,3.77731640163551,0.354028753355421,0.0516994720981932,47.2440654899596,5,5,46
"choice17",2,9,3.77731640163551,0.354028753355421,0.0516994720981932,26.7689004003161,5,5,46
"ind17",2,9,3.77731640163551,0.354028753355421,0.0516994720981932,15.4888908836195,0,7,8
"ind.1101",2,9,3.77731640163551,0.354028753355421,0.0516994720981932,40.4892091873587,6,1,50
"ind.255",2,9,3.77731640163551,0.354028753355421,0.0516994720981932,8.63057807738434,1,3,12
"ind.317",2,9,3.77731640163551,0.354028753355421,0.0516994720981932,34.7783363483024,4,0,33
"ind.417",2,9,3.77731640163551,0.354028753355421,0.0516994720981932,49.6050726604285,7,3,60
"ind.517",2,9,3.77731640163551,0.354028753355421,0.0516994720981932,33.2136016520748,7,5,62
"ind.617",2,9,3.77731640163551,0.354028753355421,0.0516994720981932,50,7,2,59
"ind.717",2,9,3.77731640163551,0.354028753355421,0.0516994720981932,50,7,2,59
"ind.817",2,9,3.77731640163551,0.354028753355421,0.0516994720981932,43.4932194186371,7,4,61
"ind.917",2,9,3.77731640163551,0.354028753355421,0.0516994720981932,50,7,2,59
"ind.1017",2,9,3.77731640163551,0.354028753355421,0.0516994720981932,43.9378711256364,6,2,51
"ind.1121",2,9,3.77731640163551,0.354028753355421,0.0516994720981932,49.6050726604285,7,3,60
"ind.1219",2,9,3.77731640163551,0.354028753355421,0.0516994720981932,50,7,2,59
"ind.1317",2,9,3.77731640163551,0.354028753355421,0.0516994720981932,50,7,2,59
"ind.1417",2,9,3.77731640163551,0.354028753355421,0.0516994720981932,45.3753586329204,7,1,58
"ind.1517",2,9,3.77731640163551,0.354028753355421,0.0516994720981932,50,7,2,59
"ind.1617",2,9,3.77731640163551,0.354028753355421,0.0516994720981932,38.9619076264323,6,4,53
"ind.1717",2,9,3.77731640163551,0.354028753355421,0.0516994720981932,50,7,2,59
"ind.1817",2,9,3.77731640163551,0.354028753355421,0.0516994720981932,50,7,2,59
"ind.1917",2,9,3.77731640163551,0.354028753355421,0.0516994720981932,50,7,2,59
"ind.2017",2,9,3.77731640163551,0.354028753355421,0.0516994720981932,49.6050726604285,7,3,60
"ind.2119",2,9,3.77731640163551,0.354028753355421,0.0516994720981932,50,7,2,59
"ind.2217",2,9,3.77731640163551,0.354028753355421,0.0516994720981932,50,7,2,59
"ind.2317",2,9,3.77731640163551,0.354028753355421,0.0516994720981932,50,7,2,59
"ind.2417",2,9,3.77731640163551,0.354028753355421,0.0516994720981932,50,7,2,59
"choice18",3,1,4.69988628367571,0.354028753355421,0.0516994720981932,40.0460597943196,3,4,29
"ind18",3,1,4.69988628367571,0.354028753355421,0.0516994720981932,45.226153863092,6,7,56
"ind.1102",3,1,4.69988628367571,0.354028753355421,0.0516994720981932,0.84099405670408,7,1,58
"ind.256",3,1,4.69988628367571,0.354028753355421,0.0516994720981932,41.5349756203448,2,7,24
"ind.318",3,1,4.69988628367571,0.354028753355421,0.0516994720981932,50,4,6,39
"ind.418",3,1,4.69988628367571,0.354028753355421,0.0516994720981932,48.8032628995543,5,7,48
"ind.518",3,1,4.69988628367571,0.354028753355421,0.0516994720981932,45.8002174218564,5,5,46
"ind.618",3,1,4.69988628367571,0.354028753355421,0.0516994720981932,49.8554230705057,5,6,47
"ind.718",3,1,4.69988628367571,0.354028753355421,0.0516994720981932,45.1980799737835,3,5,30
"ind.818",3,1,4.69988628367571,0.354028753355421,0.0516994720981932,45.226153863092,6,7,56
"ind.918",3,1,4.69988628367571,0.354028753355421,0.0516994720981932,49.8554230705057,5,6,47
"ind.1018",3,1,4.69988628367571,0.354028753355421,0.0516994720981932,50,4,6,39
"ind.1122",3,1,4.69988628367571,0.354028753355421,0.0516994720981932,48.8032628995543,5,7,48
"ind.1220",3,1,4.69988628367571,0.354028753355421,0.0516994720981932,50,4,6,39
"ind.1318",3,1,4.69988628367571,0.354028753355421,0.0516994720981932,45.1980799737835,3,5,30
"ind.1418",3,1,4.69988628367571,0.354028753355421,0.0516994720981932,50,4,6,39
"ind.1518",3,1,4.69988628367571,0.354028753355421,0.0516994720981932,48.7889122688151,4,7,40
"ind.1618",3,1,4.69988628367571,0.354028753355421,0.0516994720981932,46.1140550905263,3,7,32
"ind.1718",3,1,4.69988628367571,0.354028753355421,0.0516994720981932,50,4,6,39
"ind.1818",3,1,4.69988628367571,0.354028753355421,0.0516994720981932,48.8032628995543,5,7,48
"ind.1918",3,1,4.69988628367571,0.354028753355421,0.0516994720981932,37.8240388916681,5,4,45
"ind.2018",3,1,4.69988628367571,0.354028753355421,0.0516994720981932,50,4,6,39
"ind.2120",3,1,4.69988628367571,0.354028753355421,0.0516994720981932,50,4,6,39
"ind.2218",3,1,4.69988628367571,0.354028753355421,0.0516994720981932,45.1980799737835,3,5,30
"ind.2318",3,1,4.69988628367571,0.354028753355421,0.0516994720981932,41.766584228458,6,5,54
"ind.2418",3,1,4.69988628367571,0.354028753355421,0.0516994720981932,48.8032628995543,5,7,48
"choice19",3,2,4.69988628367571,0.354028753355421,0.0516994720981932,22.8516660998094,0,3,4
"ind19",3,2,4.69988628367571,0.354028753355421,0.0516994720981932,9.58742903269022,7,7,64
"ind.1103",3,2,4.69988628367571,0.354028753355421,0.0516994720981932,50,3,0,25
"ind.257",3,2,4.69988628367571,0.354028753355421,0.0516994720981932,14.5362251050834,7,0,57
"ind.319",3,2,4.69988628367571,0.354028753355421,0.0516994720981932,38.3305349838044,0,0,1
"ind.419",3,2,4.69988628367571,0.354028753355421,0.0516994720981932,38.5989656544101,1,1,10
"ind.519",3,2,4.69988628367571,0.354028753355421,0.0516994720981932,42.3648231641804,3,1,26
"ind.619",3,2,4.69988628367571,0.354028753355421,0.0516994720981932,50,3,0,25
"ind.719",3,2,4.69988628367571,0.354028753355421,0.0516994720981932,50,3,0,25
"ind.819",3,2,4.69988628367571,0.354028753355421,0.0516994720981932,49.2502288619553,2,0,17
"ind.919",3,2,4.69988628367571,0.354028753355421,0.0516994720981932,50,3,0,25
"ind.1019",3,2,4.69988628367571,0.354028753355421,0.0516994720981932,50,3,0,25
"ind.1123",3,2,4.69988628367571,0.354028753355421,0.0516994720981932,50,3,0,25
"ind.1221",3,2,4.69988628367571,0.354028753355421,0.0516994720981932,49.2502288619553,2,0,17
"ind.1319",3,2,4.69988628367571,0.354028753355421,0.0516994720981932,49.2502288619553,2,0,17
"ind.1419",3,2,4.69988628367571,0.354028753355421,0.0516994720981932,49.2502288619553,2,0,17
"ind.1519",3,2,4.69988628367571,0.354028753355421,0.0516994720981932,5.27091102545663,2,7,24
"ind.1619",3,2,4.69988628367571,0.354028753355421,0.0516994720981932,50,3,0,25
"ind.1719",3,2,4.69988628367571,0.354028753355421,0.0516994720981932,44.7805864076603,1,0,9
"ind.1819",3,2,4.69988628367571,0.354028753355421,0.0516994720981932,42.1938952928939,2,1,18
"ind.1919",3,2,4.69988628367571,0.354028753355421,0.0516994720981932,49.2502288619553,2,0,17
"ind.2019",3,2,4.69988628367571,0.354028753355421,0.0516994720981932,50,3,0,25
"ind.2121",3,2,4.69988628367571,0.354028753355421,0.0516994720981932,49.2502288619553,2,0,17
"ind.2219",3,2,4.69988628367571,0.354028753355421,0.0516994720981932,50,3,0,25
"ind.2319",3,2,4.69988628367571,0.354028753355421,0.0516994720981932,49.2502288619553,2,0,17
"ind.2419",3,2,4.69988628367571,0.354028753355421,0.0516994720981932,49.2502288619553,2,0,17
"choice20",3,3,4.69988628367571,0.354028753355421,0.0516994720981932,35.7095204670015,6,2,51
"ind20",3,3,4.69988628367571,0.354028753355421,0.0516994720981932,43.5033236649675,3,1,26
"ind.1104",3,3,4.69988628367571,0.354028753355421,0.0516994720981932,31.8032874146273,0,1,2
"ind.258",3,3,4.69988628367571,0.354028753355421,0.0516994720981932,50,4,0,33
"ind.320",3,3,4.69988628367571,0.354028753355421,0.0516994720981932,44.1664010213306,6,0,49
"ind.420",3,3,4.69988628367571,0.354028753355421,0.0516994720981932,50,4,0,33
"ind.520",3,3,4.69988628367571,0.354028753355421,0.0516994720981932,50,4,0,33
"ind.620",3,3,4.69988628367571,0.354028753355421,0.0516994720981932,48.8647604291603,3,0,25
"ind.720",3,3,4.69988628367571,0.354028753355421,0.0516994720981932,50,4,0,33
"ind.820",3,3,4.69988628367571,0.354028753355421,0.0516994720981932,45.3680283894381,4,1,34
"ind.920",3,3,4.69988628367571,0.354028753355421,0.0516994720981932,45.3680283894381,4,1,34
"ind.1020",3,3,4.69988628367571,0.354028753355421,0.0516994720981932,42.1875422806322,1,0,9
"ind.1124",3,3,4.69988628367571,0.354028753355421,0.0516994720981932,44.1664010213306,6,0,49
"ind.1222",3,3,4.69988628367571,0.354028753355421,0.0516994720981932,50,4,0,33
"ind.1320",3,3,4.69988628367571,0.354028753355421,0.0516994720981932,48.5917085156925,5,0,41
"ind.1420",3,3,4.69988628367571,0.354028753355421,0.0516994720981932,48.8647604291603,3,0,25
"ind.1520",3,3,4.69988628367571,0.354028753355421,0.0516994720981932,43.5033236649675,3,1,26
"ind.1620",3,3,4.69988628367571,0.354028753355421,0.0516994720981932,48.8647604291603,3,0,25
"ind.1720",3,3,4.69988628367571,0.354028753355421,0.0516994720981932,50,4,0,33
"ind.1820",3,3,4.69988628367571,0.354028753355421,0.0516994720981932,50,4,0,33
"ind.1920",3,3,4.69988628367571,0.354028753355421,0.0516994720981932,50,4,0,33
"ind.2020",3,3,4.69988628367571,0.354028753355421,0.0516994720981932,48.5917085156925,5,0,41
"ind.2122",3,3,4.69988628367571,0.354028753355421,0.0516994720981932,44.4727933817778,5,1,42
"ind.2220",3,3,4.69988628367571,0.354028753355421,0.0516994720981932,48.5917085156925,5,0,41
"ind.2320",3,3,4.69988628367571,0.354028753355421,0.0516994720981932,48.8647604291603,3,0,25
"ind.2420",3,3,4.69988628367571,0.354028753355421,0.0516994720981932,50,4,0,33
"choice21",3,4,4.69988628367571,0.354028753355421,0.0516994720981932,44.677243157456,7,5,62
"ind21",3,4,4.69988628367571,0.354028753355421,0.0516994720981932,20.4184867176385,3,4,29
"ind.1105",3,4,4.69988628367571,0.354028753355421,0.0516994720981932,50,7,7,64
"ind.259",3,4,4.69988628367571,0.354028753355421,0.0516994720981932,46.9078637912233,7,6,63
"ind.321",3,4,4.69988628367571,0.354028753355421,0.0516994720981932,40.6399007511084,6,0,49
"ind.421",3,4,4.69988628367571,0.354028753355421,0.0516994720981932,50,7,7,64
"ind.521",3,4,4.69988628367571,0.354028753355421,0.0516994720981932,36.6684604711474,6,5,54
"ind.621",3,4,4.69988628367571,0.354028753355421,0.0516994720981932,50,7,7,64
"ind.721",3,4,4.69988628367571,0.354028753355421,0.0516994720981932,44.677243157456,7,5,62
"ind.821",3,4,4.69988628367571,0.354028753355421,0.0516994720981932,39.6521500846676,7,0,57
"ind.921",3,4,4.69988628367571,0.354028753355421,0.0516994720981932,44.677243157456,7,5,62
"ind.1021",3,4,4.69988628367571,0.354028753355421,0.0516994720981932,42.5822913880899,3,0,25
"ind.1125",3,4,4.69988628367571,0.354028753355421,0.0516994720981932,35.0167129826589,1,0,9
"ind.1223",3,4,4.69988628367571,0.354028753355421,0.0516994720981932,39.0504682832811,6,3,52
"ind.1321",3,4,4.69988628367571,0.354028753355421,0.0516994720981932,41.3494146279144,7,2,59
"ind.1421",3,4,4.69988628367571,0.354028753355421,0.0516994720981932,50,7,7,64
"ind.1521",3,4,4.69988628367571,0.354028753355421,0.0516994720981932,50,7,7,64
"ind.1621",3,4,4.69988628367571,0.354028753355421,0.0516994720981932,39.9493682207123,6,2,51
"ind.1721",3,4,4.69988628367571,0.354028753355421,0.0516994720981932,44.677243157456,7,5,62
"ind.1821",3,4,4.69988628367571,0.354028753355421,0.0516994720981932,44.677243157456,7,5,62
"ind.1921",3,4,4.69988628367571,0.354028753355421,0.0516994720981932,46.9078637912233,7,6,63
"ind.2021",3,4,4.69988628367571,0.354028753355421,0.0516994720981932,46.9078637912233,7,6,63
"ind.2123",3,4,4.69988628367571,0.354028753355421,0.0516994720981932,43.3245551790596,7,4,61
"ind.2221",3,4,4.69988628367571,0.354028753355421,0.0516994720981932,50,7,7,64
"ind.2321",3,4,4.69988628367571,0.354028753355421,0.0516994720981932,50,7,7,64
"ind.2421",3,4,4.69988628367571,0.354028753355421,0.0516994720981932,50,7,7,64
"choice22",3,5,4.69988628367571,0.354028753355421,0.0516994720981932,37.741928464219,6,4,53
"ind22",3,5,4.69988628367571,0.354028753355421,0.0516994720981932,5.62642008312936,3,7,32
"ind.1106",3,5,4.69988628367571,0.354028753355421,0.0516994720981932,40.4433142213435,6,1,50
"ind.260",3,5,4.69988628367571,0.354028753355421,0.0516994720981932,42.5822913880899,3,0,25
"ind.322",3,5,4.69988628367571,0.354028753355421,0.0516994720981932,28.7927491254556,0,0,1
"ind.422",3,5,4.69988628367571,0.354028753355421,0.0516994720981932,38.1219478572215,5,2,43
"ind.522",3,5,4.69988628367571,0.354028753355421,0.0516994720981932,43.3245551790596,7,4,61
"ind.622",3,5,4.69988628367571,0.354028753355421,0.0516994720981932,44.677243157456,7,5,62
"ind.722",3,5,4.69988628367571,0.354028753355421,0.0516994720981932,50,7,7,64
"ind.822",3,5,4.69988628367571,0.354028753355421,0.0516994720981932,38.5782193606329,3,1,26
"ind.922",3,5,4.69988628367571,0.354028753355421,0.0516994720981932,39.9493682207123,6,2,51
"ind.1022",3,5,4.69988628367571,0.354028753355421,0.0516994720981932,50,7,7,64
"ind.1126",3,5,4.69988628367571,0.354028753355421,0.0516994720981932,50,7,7,64
"ind.1224",3,5,4.69988628367571,0.354028753355421,0.0516994720981932,43.3245551790596,7,4,61
"ind.1322",3,5,4.69988628367571,0.354028753355421,0.0516994720981932,46.9078637912233,7,6,63
"ind.1422",3,5,4.69988628367571,0.354028753355421,0.0516994720981932,42.3899554159374,7,3,60
"ind.1522",3,5,4.69988628367571,0.354028753355421,0.0516994720981932,50,7,7,64
"ind.1622",3,5,4.69988628367571,0.354028753355421,0.0516994720981932,46.9078637912233,7,6,63
"ind.1722",3,5,4.69988628367571,0.354028753355421,0.0516994720981932,46.9078637912233,7,6,63
"ind.1822",3,5,4.69988628367571,0.354028753355421,0.0516994720981932,46.9078637912233,7,6,63
"ind.1922",3,5,4.69988628367571,0.354028753355421,0.0516994720981932,50,7,7,64
"ind.2022",3,5,4.69988628367571,0.354028753355421,0.0516994720981932,50,7,7,64
"ind.2124",3,5,4.69988628367571,0.354028753355421,0.0516994720981932,50,7,7,64
"ind.2222",3,5,4.69988628367571,0.354028753355421,0.0516994720981932,50,7,7,64
"ind.2322",3,5,4.69988628367571,0.354028753355421,0.0516994720981932,36.6826014649481,6,7,56
"ind.2422",3,5,4.69988628367571,0.354028753355421,0.0516994720981932,46.9078637912233,7,6,63
"choice23",3,6,4.69988628367571,0.354028753355421,0.0516994720981932,27.9979241301213,7,3,60
"ind23",3,6,4.69988628367571,0.354028753355421,0.0516994720981932,0.327060284185954,4,7,40
"ind.1107",3,6,4.69988628367571,0.354028753355421,0.0516994720981932,44.3170702686364,5,1,42
"ind.261",3,6,4.69988628367571,0.354028753355421,0.0516994720981932,42.1431736665662,3,0,25
"ind.323",3,6,4.69988628367571,0.354028753355421,0.0516994720981932,49.6546555175749,5,0,41
"ind.423",3,6,4.69988628367571,0.354028753355421,0.0516994720981932,49.2780478054761,7,0,57
"ind.523",3,6,4.69988628367571,0.354028753355421,0.0516994720981932,49.6546555175749,5,0,41
"ind.623",3,6,4.69988628367571,0.354028753355421,0.0516994720981932,49.2780478054761,7,0,57
"ind.723",3,6,4.69988628367571,0.354028753355421,0.0516994720981932,50,6,0,49
"ind.823",3,6,4.69988628367571,0.354028753355421,0.0516994720981932,49.2780478054761,7,0,57
"ind.923",3,6,4.69988628367571,0.354028753355421,0.0516994720981932,50,6,0,49
"ind.1023",3,6,4.69988628367571,0.354028753355421,0.0516994720981932,49.6546555175749,5,0,41
"ind.1127",3,6,4.69988628367571,0.354028753355421,0.0516994720981932,50,6,0,49
"ind.1225",3,6,4.69988628367571,0.354028753355421,0.0516994720981932,50,6,0,49
"ind.1323",3,6,4.69988628367571,0.354028753355421,0.0516994720981932,49.2780478054761,7,0,57
"ind.1423",3,6,4.69988628367571,0.354028753355421,0.0516994720981932,50,6,0,49
"ind.1523",3,6,4.69988628367571,0.354028753355421,0.0516994720981932,50,6,0,49
"ind.1623",3,6,4.69988628367571,0.354028753355421,0.0516994720981932,49.6546555175749,5,0,41
"ind.1723",3,6,4.69988628367571,0.354028753355421,0.0516994720981932,49.2780478054761,7,0,57
"ind.1823",3,6,4.69988628367571,0.354028753355421,0.0516994720981932,50,6,0,49
"ind.1923",3,6,4.69988628367571,0.354028753355421,0.0516994720981932,49.6546555175749,5,0,41
"ind.2023",3,6,4.69988628367571,0.354028753355421,0.0516994720981932,44.3170702686364,5,1,42
"ind.2125",3,6,4.69988628367571,0.354028753355421,0.0516994720981932,49.2780478054761,7,0,57
"ind.2223",3,6,4.69988628367571,0.354028753355421,0.0516994720981932,50,6,0,49
"ind.2323",3,6,4.69988628367571,0.354028753355421,0.0516994720981932,49.2780478054761,7,0,57
"ind.2423",3,6,4.69988628367571,0.354028753355421,0.0516994720981932,47.1652260499795,4,0,33
"choice24",3,7,4.69988628367571,0.354028753355421,0.0516994720981932,2.07184374188555,7,1,58
"ind24",3,7,4.69988628367571,0.354028753355421,0.0516994720981932,12.637291898185,5,7,48
"ind.1108",3,7,4.69988628367571,0.354028753355421,0.0516994720981932,40.7686542440137,0,5,6
"ind.262",3,7,4.69988628367571,0.354028753355421,0.0516994720981932,40.7686542440137,0,5,6
"ind.324",3,7,4.69988628367571,0.354028753355421,0.0516994720981932,40.7686542440137,0,5,6
"ind.424",3,7,4.69988628367571,0.354028753355421,0.0516994720981932,50,0,7,8
"ind.524",3,7,4.69988628367571,0.354028753355421,0.0516994720981932,50,0,7,8
"ind.624",3,7,4.69988628367571,0.354028753355421,0.0516994720981932,40.7686542440137,0,5,6
"ind.724",3,7,4.69988628367571,0.354028753355421,0.0516994720981932,50,0,7,8
"ind.824",3,7,4.69988628367571,0.354028753355421,0.0516994720981932,32.8636963039056,2,7,24
"ind.924",3,7,4.69988628367571,0.354028753355421,0.0516994720981932,45.0446804493869,0,6,7
"ind.1024",3,7,4.69988628367571,0.354028753355421,0.0516994720981932,50,0,7,8
"ind.1128",3,7,4.69988628367571,0.354028753355421,0.0516994720981932,50,0,7,8
"ind.1226",3,7,4.69988628367571,0.354028753355421,0.0516994720981932,50,0,7,8
"ind.1324",3,7,4.69988628367571,0.354028753355421,0.0516994720981932,50,0,7,8
"ind.1424",3,7,4.69988628367571,0.354028753355421,0.0516994720981932,50,0,7,8
"ind.1524",3,7,4.69988628367571,0.354028753355421,0.0516994720981932,50,0,7,8
"ind.1624",3,7,4.69988628367571,0.354028753355421,0.0516994720981932,50,0,7,8
"ind.1724",3,7,4.69988628367571,0.354028753355421,0.0516994720981932,37.9996502582825,0,4,5
"ind.1824",3,7,4.69988628367571,0.354028753355421,0.0516994720981932,50,0,7,8
"ind.1924",3,7,4.69988628367571,0.354028753355421,0.0516994720981932,50,0,7,8
"ind.2024",3,7,4.69988628367571,0.354028753355421,0.0516994720981932,50,0,7,8
"ind.2126",3,7,4.69988628367571,0.354028753355421,0.0516994720981932,50,0,7,8
"ind.2224",3,7,4.69988628367571,0.354028753355421,0.0516994720981932,40.0425985333527,0,0,1
"ind.2324",3,7,4.69988628367571,0.354028753355421,0.0516994720981932,50,0,7,8
"ind.2424",3,7,4.69988628367571,0.354028753355421,0.0516994720981932,50,0,7,8
"choice25",3,8,4.69988628367571,0.354028753355421,0.0516994720981932,14.952380312659,5,3,44
"ind25",3,8,4.69988628367571,0.354028753355421,0.0516994720981932,7.70436049736614,0,1,2
"ind.1109",3,8,4.69988628367571,0.354028753355421,0.0516994720981932,43.3668704615912,0,7,8
"ind.263",3,8,4.69988628367571,0.354028753355421,0.0516994720981932,40.6068669734564,3,7,32
"ind.325",3,8,4.69988628367571,0.354028753355421,0.0516994720981932,36.291358736476,0,6,7
"ind.425",3,8,4.69988628367571,0.354028753355421,0.0516994720981932,40.6068669734564,3,7,32
"ind.525",3,8,4.69988628367571,0.354028753355421,0.0516994720981932,41.475266032927,1,7,16
"ind.625",3,8,4.69988628367571,0.354028753355421,0.0516994720981932,50,7,7,64
"ind.725",3,8,4.69988628367571,0.354028753355421,0.0516994720981932,50,7,7,64
"ind.825",3,8,4.69988628367571,0.354028753355421,0.0516994720981932,41.7551271007688,4,7,40
"ind.925",3,8,4.69988628367571,0.354028753355421,0.0516994720981932,43.3668704615912,0,7,8
"ind.1025",3,8,4.69988628367571,0.354028753355421,0.0516994720981932,43.8566525847439,5,7,48
"ind.1129",3,8,4.69988628367571,0.354028753355421,0.0516994720981932,38.8358752409502,6,6,55
"ind.1227",3,8,4.69988628367571,0.354028753355421,0.0516994720981932,50,7,7,64
"ind.1325",3,8,4.69988628367571,0.354028753355421,0.0516994720981932,46.7437454762796,6,7,56
"ind.1425",3,8,4.69988628367571,0.354028753355421,0.0516994720981932,50,7,7,64
"ind.1525",3,8,4.69988628367571,0.354028753355421,0.0516994720981932,50,7,7,64
"ind.1625",3,8,4.69988628367571,0.354028753355421,0.0516994720981932,46.7437454762796,6,7,56
"ind.1725",3,8,4.69988628367571,0.354028753355421,0.0516994720981932,41.475266032927,1,7,16
"ind.1825",3,8,4.69988628367571,0.354028753355421,0.0516994720981932,50,7,7,64
"ind.1925",3,8,4.69988628367571,0.354028753355421,0.0516994720981932,41.475266032927,1,7,16
"ind.2025",3,8,4.69988628367571,0.354028753355421,0.0516994720981932,46.7437454762796,6,7,56
"ind.2127",3,8,4.69988628367571,0.354028753355421,0.0516994720981932,40.4877495342573,2,7,24
"ind.2225",3,8,4.69988628367571,0.354028753355421,0.0516994720981932,50,7,7,64
"ind.2325",3,8,4.69988628367571,0.354028753355421,0.0516994720981932,50,7,7,64
"ind.2425",3,8,4.69988628367571,0.354028753355421,0.0516994720981932,43.3668704615912,0,7,8
"choice26",3,9,4.69988628367571,0.354028753355421,0.0516994720981932,48.0070526776144,6,0,49
"ind26",3,9,4.69988628367571,0.354028753355421,0.0516994720981932,32.9948274079202,3,1,26
"ind.1130",3,9,4.69988628367571,0.354028753355421,0.0516994720981932,40.2947886644425,7,2,59
"ind.264",3,9,4.69988628367571,0.354028753355421,0.0516994720981932,50,7,0,57
"ind.326",3,9,4.69988628367571,0.354028753355421,0.0516994720981932,45.3179749093846,7,1,58
"ind.426",3,9,4.69988628367571,0.354028753355421,0.0516994720981932,50,7,0,57
"ind.526",3,9,4.69988628367571,0.354028753355421,0.0516994720981932,45.4948093649568,5,0,41
"ind.626",3,9,4.69988628367571,0.354028753355421,0.0516994720981932,50,7,0,57
"ind.726",3,9,4.69988628367571,0.354028753355421,0.0516994720981932,50,7,0,57
"ind.826",3,9,4.69988628367571,0.354028753355421,0.0516994720981932,42.8292418298469,6,1,50
"ind.926",3,9,4.69988628367571,0.354028753355421,0.0516994720981932,48.0070526776144,6,0,49
"ind.1026",3,9,4.69988628367571,0.354028753355421,0.0516994720981932,48.0070526776144,6,0,49
"ind.1131",3,9,4.69988628367571,0.354028753355421,0.0516994720981932,48.0070526776144,6,0,49
"ind.1228",3,9,4.69988628367571,0.354028753355421,0.0516994720981932,45.3179749093846,7,1,58
"ind.1326",3,9,4.69988628367571,0.354028753355421,0.0516994720981932,48.0070526776144,6,0,49
"ind.1426",3,9,4.69988628367571,0.354028753355421,0.0516994720981932,50,7,0,57
"ind.1526",3,9,4.69988628367571,0.354028753355421,0.0516994720981932,50,7,0,57
"ind.1626",3,9,4.69988628367571,0.354028753355421,0.0516994720981932,42.8292418298469,6,1,50
"ind.1726",3,9,4.69988628367571,0.354028753355421,0.0516994720981932,48.0070526776144,6,0,49
"ind.1826",3,9,4.69988628367571,0.354028753355421,0.0516994720981932,50,7,0,57
"ind.1926",3,9,4.69988628367571,0.354028753355421,0.0516994720981932,50,7,0,57
"ind.2026",3,9,4.69988628367571,0.354028753355421,0.0516994720981932,50,7,0,57
"ind.2128",3,9,4.69988628367571,0.354028753355421,0.0516994720981932,48.0070526776144,6,0,49
"ind.2226",3,9,4.69988628367571,0.354028753355421,0.0516994720981932,50,7,0,57
"ind.2326",3,9,4.69988628367571,0.354028753355421,0.0516994720981932,48.0070526776144,6,0,49
"ind.2426",3,9,4.69988628367571,0.354028753355421,0.0516994720981932,50,7,0,57
"choice27",4,1,5.84778417553768,0.354028753355421,0.0516994720981932,18.5030291898099,2,4,21
"ind27",4,1,5.84778417553768,0.354028753355421,0.0516994720981932,16.0508744617254,4,0,33
"ind.1132",4,1,5.84778417553768,0.354028753355421,0.0516994720981932,5.76240820172847,4,7,40
"ind.265",4,1,5.84778417553768,0.354028753355421,0.0516994720981932,47.304899587434,0,1,2
"ind.327",4,1,5.84778417553768,0.354028753355421,0.0516994720981932,47.304899587434,0,1,2
"ind.427",4,1,5.84778417553768,0.354028753355421,0.0516994720981932,50,0,0,1
"ind.527",4,1,5.84778417553768,0.354028753355421,0.0516994720981932,47.304899587434,0,1,2
"ind.627",4,1,5.84778417553768,0.354028753355421,0.0516994720981932,47.304899587434,0,1,2
"ind.727",4,1,5.84778417553768,0.354028753355421,0.0516994720981932,47.304899587434,0,1,2
"ind.827",4,1,5.84778417553768,0.354028753355421,0.0516994720981932,50,0,0,1
"ind.927",4,1,5.84778417553768,0.354028753355421,0.0516994720981932,47.304899587434,0,1,2
"ind.1027",4,1,5.84778417553768,0.354028753355421,0.0516994720981932,41.018619263118,0,3,4
"ind.1133",4,1,5.84778417553768,0.354028753355421,0.0516994720981932,47.304899587434,0,1,2
"ind.1229",4,1,5.84778417553768,0.354028753355421,0.0516994720981932,50,0,0,1
"ind.1327",4,1,5.84778417553768,0.354028753355421,0.0516994720981932,50,0,0,1
"ind.1427",4,1,5.84778417553768,0.354028753355421,0.0516994720981932,47.304899587434,0,1,2
"ind.1527",4,1,5.84778417553768,0.354028753355421,0.0516994720981932,39.8482417918441,1,0,9
"ind.1627",4,1,5.84778417553768,0.354028753355421,0.0516994720981932,50,0,0,1
"ind.1727",4,1,5.84778417553768,0.354028753355421,0.0516994720981932,50,0,0,1
"ind.1827",4,1,5.84778417553768,0.354028753355421,0.0516994720981932,50,0,0,1
"ind.1927",4,1,5.84778417553768,0.354028753355421,0.0516994720981932,50,0,0,1
"ind.2027",4,1,5.84778417553768,0.354028753355421,0.0516994720981932,50,0,0,1
"ind.2129",4,1,5.84778417553768,0.354028753355421,0.0516994720981932,50,0,0,1
"ind.2227",4,1,5.84778417553768,0.354028753355421,0.0516994720981932,47.304899587434,0,1,2
"ind.2327",4,1,5.84778417553768,0.354028753355421,0.0516994720981932,25.5613352957308,0,6,7
"ind.2427",4,1,5.84778417553768,0.354028753355421,0.0516994720981932,47.304899587434,0,1,2
"choice28",4,2,5.84778417553768,0.354028753355421,0.0516994720981932,2.83294764839456,1,3,12
"ind28",4,2,5.84778417553768,0.354028753355421,0.0516994720981932,49.7930773230265,7,4,61
"ind.1134",4,2,5.84778417553768,0.354028753355421,0.0516994720981932,50,7,5,62
"ind.266",4,2,5.84778417553768,0.354028753355421,0.0516994720981932,50,7,5,62
"ind.328",4,2,5.84778417553768,0.354028753355421,0.0516994720981932,50,7,5,62
"ind.428",4,2,5.84778417553768,0.354028753355421,0.0516994720981932,43.3057954679819,7,7,64
"ind.528",4,2,5.84778417553768,0.354028753355421,0.0516994720981932,49.7930773230265,7,4,61
"ind.628",4,2,5.84778417553768,0.354028753355421,0.0516994720981932,44.0763721306625,5,5,46
"ind.728",4,2,5.84778417553768,0.354028753355421,0.0516994720981932,50,7,5,62
"ind.828",4,2,5.84778417553768,0.354028753355421,0.0516994720981932,48.1073463764441,6,7,56
"ind.928",4,2,5.84778417553768,0.354028753355421,0.0516994720981932,42.8728841186241,4,7,40
"ind.1028",4,2,5.84778417553768,0.354028753355421,0.0516994720981932,49.7511144931144,6,6,55
"ind.1135",4,2,5.84778417553768,0.354028753355421,0.0516994720981932,50,7,5,62
"ind.1230",4,2,5.84778417553768,0.354028753355421,0.0516994720981932,49.7511144931144,6,6,55
"ind.1328",4,2,5.84778417553768,0.354028753355421,0.0516994720981932,46.9597103193999,7,3,60
"ind.1428",4,2,5.84778417553768,0.354028753355421,0.0516994720981932,48.1073463764441,6,7,56
"ind.1528",4,2,5.84778417553768,0.354028753355421,0.0516994720981932,49.7930773230265,7,4,61
"ind.1628",4,2,5.84778417553768,0.354028753355421,0.0516994720981932,49.7511144931144,6,6,55
"ind.1728",4,2,5.84778417553768,0.354028753355421,0.0516994720981932,49.7930773230265,7,4,61
"ind.1828",4,2,5.84778417553768,0.354028753355421,0.0516994720981932,49.7511144931144,6,6,55
"ind.1928",4,2,5.84778417553768,0.354028753355421,0.0516994720981932,42.6242419604002,7,2,59
"ind.2028",4,2,5.84778417553768,0.354028753355421,0.0516994720981932,50,7,5,62
"ind.2130",4,2,5.84778417553768,0.354028753355421,0.0516994720981932,47.3410187229486,5,6,47
"ind.2228",4,2,5.84778417553768,0.354028753355421,0.0516994720981932,50,7,5,62
"ind.2328",4,2,5.84778417553768,0.354028753355421,0.0516994720981932,49.7930773230265,7,4,61
"ind.2428",4,2,5.84778417553768,0.354028753355421,0.0516994720981932,50,7,5,62
"choice29",4,3,5.84778417553768,0.354028753355421,0.0516994720981932,26.818712773712,4,2,35
"ind29",4,3,5.84778417553768,0.354028753355421,0.0516994720981932,30.5348624953867,0,6,7
"ind.1136",4,3,5.84778417553768,0.354028753355421,0.0516994720981932,0.197588922426814,6,7,56
"ind.267",4,3,5.84778417553768,0.354028753355421,0.0516994720981932,39.5524153218325,0,1,2
"ind.329",4,3,5.84778417553768,0.354028753355421,0.0516994720981932,20.5615170226154,2,3,20
"ind.429",4,3,5.84778417553768,0.354028753355421,0.0516994720981932,20.884764978576,6,0,49
"ind.529",4,3,5.84778417553768,0.354028753355421,0.0516994720981932,35.9508007276361,1,1,10
"ind.629",4,3,5.84778417553768,0.354028753355421,0.0516994720981932,50,0,0,1
"ind.729",4,3,5.84778417553768,0.354028753355421,0.0516994720981932,44.7102846567494,1,0,9
"ind.829",4,3,5.84778417553768,0.354028753355421,0.0516994720981932,50,0,0,1
"ind.929",4,3,5.84778417553768,0.354028753355421,0.0516994720981932,50,0,0,1
"ind.1029",4,3,5.84778417553768,0.354028753355421,0.0516994720981932,50,0,0,1
"ind.1137",4,3,5.84778417553768,0.354028753355421,0.0516994720981932,36.9616640029422,0,7,8
"ind.1231",4,3,5.84778417553768,0.354028753355421,0.0516994720981932,44.7102846567494,1,0,9
"ind.1329",4,3,5.84778417553768,0.354028753355421,0.0516994720981932,50,0,0,1
"ind.1429",4,3,5.84778417553768,0.354028753355421,0.0516994720981932,50,0,0,1
"ind.1529",4,3,5.84778417553768,0.354028753355421,0.0516994720981932,50,0,0,1
"ind.1629",4,3,5.84778417553768,0.354028753355421,0.0516994720981932,44.7102846567494,1,0,9
"ind.1729",4,3,5.84778417553768,0.354028753355421,0.0516994720981932,50,0,0,1
"ind.1829",4,3,5.84778417553768,0.354028753355421,0.0516994720981932,50,0,0,1
"ind.1929",4,3,5.84778417553768,0.354028753355421,0.0516994720981932,50,0,0,1
"ind.2029",4,3,5.84778417553768,0.354028753355421,0.0516994720981932,50,0,0,1
"ind.2131",4,3,5.84778417553768,0.354028753355421,0.0516994720981932,50,0,0,1
"ind.2229",4,3,5.84778417553768,0.354028753355421,0.0516994720981932,50,0,0,1
"ind.2329",4,3,5.84778417553768,0.354028753355421,0.0516994720981932,50,0,0,1
"ind.2429",4,3,5.84778417553768,0.354028753355421,0.0516994720981932,50,0,0,1
"choice30",4,4,5.84778417553768,0.354028753355421,0.0516994720981932,0.00558127904439903,0,7,8
"ind30",4,4,5.84778417553768,0.354028753355421,0.0516994720981932,44.1664010213306,6,0,49
"ind.1138",4,4,5.84778417553768,0.354028753355421,0.0516994720981932,44.1664010213306,6,0,49
"ind.268",4,4,5.84778417553768,0.354028753355421,0.0516994720981932,45.9938267494783,2,0,17
"ind.330",4,4,5.84778417553768,0.354028753355421,0.0516994720981932,48.8647604291603,3,0,25
"ind.430",4,4,5.84778417553768,0.354028753355421,0.0516994720981932,40.3714944064926,6,1,50
"ind.530",4,4,5.84778417553768,0.354028753355421,0.0516994720981932,50,4,0,33
"ind.630",4,4,5.84778417553768,0.354028753355421,0.0516994720981932,45.3680283894381,4,1,34
"ind.730",4,4,5.84778417553768,0.354028753355421,0.0516994720981932,48.5917085156925,5,0,41
"ind.830",4,4,5.84778417553768,0.354028753355421,0.0516994720981932,48.8647604291603,3,0,25
"ind.930",4,4,5.84778417553768,0.354028753355421,0.0516994720981932,45.9938267494783,2,0,17
"ind.1030",4,4,5.84778417553768,0.354028753355421,0.0516994720981932,48.8647604291603,3,0,25
"ind.1139",4,4,5.84778417553768,0.354028753355421,0.0516994720981932,40.3714944064926,6,1,50
"ind.1232",4,4,5.84778417553768,0.354028753355421,0.0516994720981932,50,4,0,33
"ind.1330",4,4,5.84778417553768,0.354028753355421,0.0516994720981932,39.9646949061888,2,1,18
"ind.1430",4,4,5.84778417553768,0.354028753355421,0.0516994720981932,48.5917085156925,5,0,41
"ind.1530",4,4,5.84778417553768,0.354028753355421,0.0516994720981932,50,4,0,33
"ind.1630",4,4,5.84778417553768,0.354028753355421,0.0516994720981932,48.5917085156925,5,0,41
"ind.1730",4,4,5.84778417553768,0.354028753355421,0.0516994720981932,48.8647604291603,3,0,25
"ind.1830",4,4,5.84778417553768,0.354028753355421,0.0516994720981932,45.9938267494783,2,0,17
"ind.1930",4,4,5.84778417553768,0.354028753355421,0.0516994720981932,44.4727933817778,5,1,42
"ind.2030",4,4,5.84778417553768,0.354028753355421,0.0516994720981932,50,4,0,33
"ind.2132",4,4,5.84778417553768,0.354028753355421,0.0516994720981932,50,4,0,33
"ind.2230",4,4,5.84778417553768,0.354028753355421,0.0516994720981932,48.8647604291603,3,0,25
"ind.2330",4,4,5.84778417553768,0.354028753355421,0.0516994720981932,50,4,0,33
"ind.2430",4,4,5.84778417553768,0.354028753355421,0.0516994720981932,50,4,0,33
"choice31",4,5,5.84778417553768,0.354028753355421,0.0516994720981932,37.2623214478427,4,1,34
"ind31",4,5,5.84778417553768,0.354028753355421,0.0516994720981932,22.2339946000444,2,7,24
"ind.1140",4,5,5.84778417553768,0.354028753355421,0.0516994720981932,42.9170603236967,6,2,51
"ind.269",4,5,5.84778417553768,0.354028753355421,0.0516994720981932,42.9744916868265,7,2,59
"ind.331",4,5,5.84778417553768,0.354028753355421,0.0516994720981932,25.2525856260921,7,5,62
"ind.431",4,5,5.84778417553768,0.354028753355421,0.0516994720981932,49.6953329669846,7,0,57
"ind.531",4,5,5.84778417553768,0.354028753355421,0.0516994720981932,49.6953329669846,7,0,57
"ind.631",4,5,5.84778417553768,0.354028753355421,0.0516994720981932,47.1060891991194,7,1,58
"ind.731",4,5,5.84778417553768,0.354028753355421,0.0516994720981932,49.6953329669846,7,0,57
"ind.831",4,5,5.84778417553768,0.354028753355421,0.0516994720981932,46.9509937763959,6,1,50
"ind.931",4,5,5.84778417553768,0.354028753355421,0.0516994720981932,47.1060891991194,7,1,58
"ind.1031",4,5,5.84778417553768,0.354028753355421,0.0516994720981932,46.9509937763959,6,1,50
"ind.1141",4,5,5.84778417553768,0.354028753355421,0.0516994720981932,49.6953329669846,7,0,57
"ind.1233",4,5,5.84778417553768,0.354028753355421,0.0516994720981932,50,6,0,49
"ind.1331",4,5,5.84778417553768,0.354028753355421,0.0516994720981932,50,6,0,49
"ind.1431",4,5,5.84778417553768,0.354028753355421,0.0516994720981932,43.3525842235189,5,1,42
"ind.1531",4,5,5.84778417553768,0.354028753355421,0.0516994720981932,42.9744916868265,7,2,59
"ind.1631",4,5,5.84778417553768,0.354028753355421,0.0516994720981932,49.6953329669846,7,0,57
"ind.1731",4,5,5.84778417553768,0.354028753355421,0.0516994720981932,50,6,0,49
"ind.1831",4,5,5.84778417553768,0.354028753355421,0.0516994720981932,49.6953329669846,7,0,57
"ind.1931",4,5,5.84778417553768,0.354028753355421,0.0516994720981932,50,6,0,49
"ind.2031",4,5,5.84778417553768,0.354028753355421,0.0516994720981932,46.9509937763959,6,1,50
"ind.2133",4,5,5.84778417553768,0.354028753355421,0.0516994720981932,46.9509937763959,6,1,50
"ind.2231",4,5,5.84778417553768,0.354028753355421,0.0516994720981932,49.6953329669846,7,0,57
"ind.2331",4,5,5.84778417553768,0.354028753355421,0.0516994720981932,49.6953329669846,7,0,57
"ind.2431",4,5,5.84778417553768,0.354028753355421,0.0516994720981932,43.3525842235189,5,1,42
"choice32",4,6,5.84778417553768,0.354028753355421,0.0516994720981932,34.306745920137,7,1,58
"ind32",4,6,5.84778417553768,0.354028753355421,0.0516994720981932,40.4877495342573,2,7,24
"ind.1142",4,6,5.84778417553768,0.354028753355421,0.0516994720981932,7.93404066768021,1,3,12
"ind.270",4,6,5.84778417553768,0.354028753355421,0.0516994720981932,43.8248832843955,7,6,63
"ind.332",4,6,5.84778417553768,0.354028753355421,0.0516994720981932,43.8566525847439,5,7,48
"ind.432",4,6,5.84778417553768,0.354028753355421,0.0516994720981932,43.8566525847439,5,7,48
"ind.532",4,6,5.84778417553768,0.354028753355421,0.0516994720981932,38.5076589097828,7,5,62
"ind.632",4,6,5.84778417553768,0.354028753355421,0.0516994720981932,43.3668704615912,0,7,8
"ind.732",4,6,5.84778417553768,0.354028753355421,0.0516994720981932,50,7,7,64
"ind.832",4,6,5.84778417553768,0.354028753355421,0.0516994720981932,43.8248832843955,7,6,63
"ind.932",4,6,5.84778417553768,0.354028753355421,0.0516994720981932,43.3668704615912,0,7,8
"ind.1032",4,6,5.84778417553768,0.354028753355421,0.0516994720981932,50,7,7,64
"ind.1143",4,6,5.84778417553768,0.354028753355421,0.0516994720981932,50,7,7,64
"ind.1234",4,6,5.84778417553768,0.354028753355421,0.0516994720981932,46.7437454762796,6,7,56
"ind.1332",4,6,5.84778417553768,0.354028753355421,0.0516994720981932,50,7,7,64
"ind.1432",4,6,5.84778417553768,0.354028753355421,0.0516994720981932,43.8566525847439,5,7,48
"ind.1532",4,6,5.84778417553768,0.354028753355421,0.0516994720981932,43.8248832843955,7,6,63
"ind.1632",4,6,5.84778417553768,0.354028753355421,0.0516994720981932,50,7,7,64
"ind.1732",4,6,5.84778417553768,0.354028753355421,0.0516994720981932,50,7,7,64
"ind.1832",4,6,5.84778417553768,0.354028753355421,0.0516994720981932,50,7,7,64
"ind.1932",4,6,5.84778417553768,0.354028753355421,0.0516994720981932,34.1158475207224,5,6,47
"ind.2032",4,6,5.84778417553768,0.354028753355421,0.0516994720981932,40.4877495342573,2,7,24
"ind.2134",4,6,5.84778417553768,0.354028753355421,0.0516994720981932,41.7551271007688,4,7,40
"ind.2232",4,6,5.84778417553768,0.354028753355421,0.0516994720981932,46.7437454762796,6,7,56
"ind.2332",4,6,5.84778417553768,0.354028753355421,0.0516994720981932,38.5076589097828,7,5,62
"ind.2432",4,6,5.84778417553768,0.354028753355421,0.0516994720981932,50,7,7,64
"choice33",4,7,5.84778417553768,0.354028753355421,0.0516994720981932,27.7825305270648,5,3,44
"ind33",4,7,5.84778417553768,0.354028753355421,0.0516994720981932,23.5027741886208,0,1,2
"ind.1144",4,7,5.84778417553768,0.354028753355421,0.0516994720981932,31.3905108975347,7,4,61
"ind.271",4,7,5.84778417553768,0.354028753355421,0.0516994720981932,3.52870047058922,3,7,32
"ind.333",4,7,5.84778417553768,0.354028753355421,0.0516994720981932,50,7,0,57
"ind.433",4,7,5.84778417553768,0.354028753355421,0.0516994720981932,45.3179749093846,7,1,58
"ind.533",4,7,5.84778417553768,0.354028753355421,0.0516994720981932,50,7,0,57
"ind.633",4,7,5.84778417553768,0.354028753355421,0.0516994720981932,50,7,0,57
"ind.733",4,7,5.84778417553768,0.354028753355421,0.0516994720981932,48.0070526776144,6,0,49
"ind.833",4,7,5.84778417553768,0.354028753355421,0.0516994720981932,50,7,0,57
"ind.933",4,7,5.84778417553768,0.354028753355421,0.0516994720981932,40.2947886644425,7,2,59
"ind.1033",4,7,5.84778417553768,0.354028753355421,0.0516994720981932,45.3179749093846,7,1,58
"ind.1145",4,7,5.84778417553768,0.354028753355421,0.0516994720981932,38.5123790111655,3,0,25
"ind.1235",4,7,5.84778417553768,0.354028753355421,0.0516994720981932,42.2042423054668,4,0,33
"ind.1333",4,7,5.84778417553768,0.354028753355421,0.0516994720981932,50,7,0,57
"ind.1433",4,7,5.84778417553768,0.354028753355421,0.0516994720981932,50,7,0,57
"ind.1533",4,7,5.84778417553768,0.354028753355421,0.0516994720981932,50,7,0,57
"ind.1633",4,7,5.84778417553768,0.354028753355421,0.0516994720981932,50,7,0,57
"ind.1733",4,7,5.84778417553768,0.354028753355421,0.0516994720981932,48.0070526776144,6,0,49
"ind.1833",4,7,5.84778417553768,0.354028753355421,0.0516994720981932,50,7,0,57
"ind.1933",4,7,5.84778417553768,0.354028753355421,0.0516994720981932,48.0070526776144,6,0,49
"ind.2033",4,7,5.84778417553768,0.354028753355421,0.0516994720981932,42.8292418298469,6,1,50
"ind.2135",4,7,5.84778417553768,0.354028753355421,0.0516994720981932,45.4948093649568,5,0,41
"ind.2233",4,7,5.84778417553768,0.354028753355421,0.0516994720981932,45.3179749093846,7,1,58
"ind.2333",4,7,5.84778417553768,0.354028753355421,0.0516994720981932,38.5123790111655,3,0,25
"ind.2433",4,7,5.84778417553768,0.354028753355421,0.0516994720981932,48.0070526776144,6,0,49
"choice34",4,8,5.84778417553768,0.354028753355421,0.0516994720981932,34.9487271633485,2,1,18
"ind34",4,8,5.84778417553768,0.354028753355421,0.0516994720981932,36.6826014649481,6,7,56
"ind.1146",4,8,5.84778417553768,0.354028753355421,0.0516994720981932,40.6399007511084,6,0,49
"ind.272",4,8,5.84778417553768,0.354028753355421,0.0516994720981932,42.7648567434996,4,0,33
"ind.334",4,8,5.84778417553768,0.354028753355421,0.0516994720981932,40.0717917559083,4,1,34
"ind.434",4,8,5.84778417553768,0.354028753355421,0.0516994720981932,35.9616092358857,4,2,35
"ind.534",4,8,5.84778417553768,0.354028753355421,0.0516994720981932,40.4433142213435,6,1,50
"ind.634",4,8,5.84778417553768,0.354028753355421,0.0516994720981932,42.7648567434996,4,0,33
"ind.734",4,8,5.84778417553768,0.354028753355421,0.0516994720981932,46.9078637912233,7,6,63
"ind.834",4,8,5.84778417553768,0.354028753355421,0.0516994720981932,40.4433142213435,6,1,50
"ind.934",4,8,5.84778417553768,0.354028753355421,0.0516994720981932,44.677243157456,7,5,62
"ind.1034",4,8,5.84778417553768,0.354028753355421,0.0516994720981932,46.9078637912233,7,6,63
"ind.1147",4,8,5.84778417553768,0.354028753355421,0.0516994720981932,50,7,7,64
"ind.1236",4,8,5.84778417553768,0.354028753355421,0.0516994720981932,50,7,7,64
"ind.1334",4,8,5.84778417553768,0.354028753355421,0.0516994720981932,50,7,7,64
"ind.1434",4,8,5.84778417553768,0.354028753355421,0.0516994720981932,50,7,7,64
"ind.1534",4,8,5.84778417553768,0.354028753355421,0.0516994720981932,50,7,7,64
"ind.1634",4,8,5.84778417553768,0.354028753355421,0.0516994720981932,43.3245551790596,7,4,61
"ind.1734",4,8,5.84778417553768,0.354028753355421,0.0516994720981932,50,7,7,64
"ind.1834",4,8,5.84778417553768,0.354028753355421,0.0516994720981932,42.7648567434996,4,0,33
"ind.1934",4,8,5.84778417553768,0.354028753355421,0.0516994720981932,50,7,7,64
"ind.2034",4,8,5.84778417553768,0.354028753355421,0.0516994720981932,50,7,7,64
"ind.2136",4,8,5.84778417553768,0.354028753355421,0.0516994720981932,35.2008234754027,5,3,44
"ind.2234",4,8,5.84778417553768,0.354028753355421,0.0516994720981932,40.0717917559083,4,1,34
"ind.2334",4,8,5.84778417553768,0.354028753355421,0.0516994720981932,50,7,7,64
"ind.2434",4,8,5.84778417553768,0.354028753355421,0.0516994720981932,43.3245551790596,7,4,61
"choice35",4,9,5.84778417553768,0.354028753355421,0.0516994720981932,7.67891243690074,6,5,54
"ind35",4,9,5.84778417553768,0.354028753355421,0.0516994720981932,48.5442766164634,0,0,1
"ind.1148",4,9,5.84778417553768,0.354028753355421,0.0516994720981932,43.1483614302101,0,4,5
"ind.273",4,9,5.84778417553768,0.354028753355421,0.0516994720981932,48.7303508652523,2,0,17
"ind.335",4,9,5.84778417553768,0.354028753355421,0.0516994720981932,49.6207694340616,1,1,10
"ind.435",4,9,5.84778417553768,0.354028753355421,0.0516994720981932,50,1,0,9
"ind.535",4,9,5.84778417553768,0.354028753355421,0.0516994720981932,48.5442766164634,0,0,1
"ind.635",4,9,5.84778417553768,0.354028753355421,0.0516994720981932,46.5129898738936,1,3,12
"ind.735",4,9,5.84778417553768,0.354028753355421,0.0516994720981932,41.4207904668793,2,4,21
"ind.835",4,9,5.84778417553768,0.354028753355421,0.0516994720981932,47.2139045523194,2,1,18
"ind.935",4,9,5.84778417553768,0.354028753355421,0.0516994720981932,49.6207694340616,1,1,10
"ind.1035",4,9,5.84778417553768,0.354028753355421,0.0516994720981932,45.72595852721,0,3,4
"ind.1149",4,9,5.84778417553768,0.354028753355421,0.0516994720981932,48.7303508652523,2,0,17
"ind.1237",4,9,5.84778417553768,0.354028753355421,0.0516994720981932,45.4436513741462,2,2,19
"ind.1335",4,9,5.84778417553768,0.354028753355421,0.0516994720981932,50,1,0,9
"ind.1435",4,9,5.84778417553768,0.354028753355421,0.0516994720981932,44.2059722478062,1,4,13
"ind.1535",4,9,5.84778417553768,0.354028753355421,0.0516994720981932,46.5129898738936,1,3,12
"ind.1635",4,9,5.84778417553768,0.354028753355421,0.0516994720981932,46.5129898738936,1,3,12
"ind.1735",4,9,5.84778417553768,0.354028753355421,0.0516994720981932,48.7303508652523,2,0,17
"ind.1835",4,9,5.84778417553768,0.354028753355421,0.0516994720981932,49.6207694340616,1,1,10
"ind.1935",4,9,5.84778417553768,0.354028753355421,0.0516994720981932,48.5442766164634,0,0,1
"ind.2035",4,9,5.84778417553768,0.354028753355421,0.0516994720981932,48.7303508652523,2,0,17
"ind.2137",4,9,5.84778417553768,0.354028753355421,0.0516994720981932,50,1,0,9
"ind.2235",4,9,5.84778417553768,0.354028753355421,0.0516994720981932,47.7192381340826,0,2,3
"ind.2335",4,9,5.84778417553768,0.354028753355421,0.0516994720981932,48.5442766164634,0,0,1
"ind.2435",4,9,5.84778417553768,0.354028753355421,0.0516994720981932,47.2139045523194,2,1,18
"choice36",5,1,0.092005885269153,0.440854499476078,0.0516994720981932,44.955392749332,1,4,13
"ind36",5,1,0.092005885269153,0.440854499476078,0.0516994720981932,39.4523582385967,4,2,35
"ind.1150",5,1,0.092005885269153,0.440854499476078,0.0516994720981932,48.3790459936691,0,3,4
"ind.274",5,1,0.092005885269153,0.440854499476078,0.0516994720981932,47.0249921610359,2,1,18
"ind.336",5,1,0.092005885269153,0.440854499476078,0.0516994720981932,22.986554774753,3,6,31
"ind.436",5,1,0.092005885269153,0.440854499476078,0.0516994720981932,42.3201528196782,1,5,14
"ind.536",5,1,0.092005885269153,0.440854499476078,0.0516994720981932,22.1260577328758,6,4,53
"ind.636",5,1,0.092005885269153,0.440854499476078,0.0516994720981932,48.3790459936691,0,3,4
"ind.736",5,1,0.092005885269153,0.440854499476078,0.0516994720981932,42.847989251039,3,2,27
"ind.836",5,1,0.092005885269153,0.440854499476078,0.0516994720981932,14.7875696824239,4,6,39
"ind.936",5,1,0.092005885269153,0.440854499476078,0.0516994720981932,45.3467815833854,0,1,2
"ind.1036",5,1,0.092005885269153,0.440854499476078,0.0516994720981932,42.2399700570978,0,7,8
"ind.1151",5,1,0.092005885269153,0.440854499476078,0.0516994720981932,0,6,7,56
"ind.1238",5,1,0.092005885269153,0.440854499476078,0.0516994720981932,20.8051951879338,4,5,38
"ind.1336",5,1,0.092005885269153,0.440854499476078,0.0516994720981932,35.6746181892482,2,5,22
"ind.1436",5,1,0.092005885269153,0.440854499476078,0.0516994720981932,45.5297881386979,4,0,33
"ind.1536",5,1,0.092005885269153,0.440854499476078,0.0516994720981932,40.1344319846363,7,2,59
"ind.1636",5,1,0.092005885269153,0.440854499476078,0.0516994720981932,43.3015388126336,2,3,20
"ind.1736",5,1,0.092005885269153,0.440854499476078,0.0516994720981932,15.7583262795395,7,5,62
"ind.1836",5,1,0.092005885269153,0.440854499476078,0.0516994720981932,46.7934321304944,1,3,12
"ind.1936",5,1,0.092005885269153,0.440854499476078,0.0516994720981932,37.254864104405,5,2,43
"ind.2036",5,1,0.092005885269153,0.440854499476078,0.0516994720981932,15.5071969215603,5,5,46
"ind.2138",5,1,0.092005885269153,0.440854499476078,0.0516994720981932,47.1765532247976,0,5,6
"ind.2236",5,1,0.092005885269153,0.440854499476078,0.0516994720981932,46.5714476535729,6,0,49
"ind.2336",5,1,0.092005885269153,0.440854499476078,0.0516994720981932,30.6335324810609,5,3,44
"ind.2436",5,1,0.092005885269153,0.440854499476078,0.0516994720981932,42.2916129602433,0,0,1
"choice37",5,2,0.092005885269153,0.440854499476078,0.0516994720981932,8.14567846378548,3,4,29
"ind37",5,2,0.092005885269153,0.440854499476078,0.0516994720981932,1.2513055215602,2,0,17
"ind.1152",5,2,0.092005885269153,0.440854499476078,0.0516994720981932,7.70436049736614,0,1,2
"ind.275",5,2,0.092005885269153,0.440854499476078,0.0516994720981932,4.35367818233757,0,0,1
"ind.337",5,2,0.092005885269153,0.440854499476078,0.0516994720981932,40.4877495342573,2,7,24
"ind.437",5,2,0.092005885269153,0.440854499476078,0.0516994720981932,9.00420439908545,2,4,21
"ind.537",5,2,0.092005885269153,0.440854499476078,0.0516994720981932,19.7672572320249,4,5,38
"ind.637",5,2,0.092005885269153,0.440854499476078,0.0516994720981932,38.5076589097828,7,5,62
"ind.737",5,2,0.092005885269153,0.440854499476078,0.0516994720981932,26.7503425387473,6,4,53
"ind.837",5,2,0.092005885269153,0.440854499476078,0.0516994720981932,7.02575727509587,4,3,36
"ind.937",5,2,0.092005885269153,0.440854499476078,0.0516994720981932,50,7,7,64
"ind.1037",5,2,0.092005885269153,0.440854499476078,0.0516994720981932,1.93236091725004,1,1,10
"ind.1153",5,2,0.092005885269153,0.440854499476078,0.0516994720981932,30.5711968261431,4,6,39
"ind.1239",5,2,0.092005885269153,0.440854499476078,0.0516994720981932,28.9000976326936,0,5,6
"ind.1337",5,2,0.092005885269153,0.440854499476078,0.0516994720981932,41.475266032927,1,7,16
"ind.1437",5,2,0.092005885269153,0.440854499476078,0.0516994720981932,2.69298707872442,3,3,28
"ind.1537",5,2,0.092005885269153,0.440854499476078,0.0516994720981932,33.9584153841897,7,2,59
"ind.1637",5,2,0.092005885269153,0.440854499476078,0.0516994720981932,50,7,7,64
"ind.1737",5,2,0.092005885269153,0.440854499476078,0.0516994720981932,43.8566525847439,5,7,48
"ind.1837",5,2,0.092005885269153,0.440854499476078,0.0516994720981932,18.2619027011898,5,4,45
"ind.1937",5,2,0.092005885269153,0.440854499476078,0.0516994720981932,4.08769159569886,1,2,11
"ind.2037",5,2,0.092005885269153,0.440854499476078,0.0516994720981932,6.27624684627142,4,2,35
"ind.2139",5,2,0.092005885269153,0.440854499476078,0.0516994720981932,50,7,7,64
"ind.2237",5,2,0.092005885269153,0.440854499476078,0.0516994720981932,43.8248832843955,7,6,63
"ind.2337",5,2,0.092005885269153,0.440854499476078,0.0516994720981932,24.9724928398801,5,5,46
"ind.2437",5,2,0.092005885269153,0.440854499476078,0.0516994720981932,11.5310644927574,4,4,37
"choice38",5,3,0.092005885269153,0.440854499476078,0.0516994720981932,7.67891243690074,6,5,54
"ind38",5,3,0.092005885269153,0.440854499476078,0.0516994720981932,16.1146803750158,5,5,46
"ind.1154",5,3,0.092005885269153,0.440854499476078,0.0516994720981932,50,1,0,9
"ind.276",5,3,0.092005885269153,0.440854499476078,0.0516994720981932,48.5442766164634,0,0,1
"ind.338",5,3,0.092005885269153,0.440854499476078,0.0516994720981932,45.1166096922487,3,0,25
"ind.438",5,3,0.092005885269153,0.440854499476078,0.0516994720981932,10.3060715109391,6,3,52
"ind.538",5,3,0.092005885269153,0.440854499476078,0.0516994720981932,49.6207694340616,1,1,10
"ind.638",5,3,0.092005885269153,0.440854499476078,0.0516994720981932,0,7,7,64
"ind.738",5,3,0.092005885269153,0.440854499476078,0.0516994720981932,30.5660117929988,3,6,31
"ind.838",5,3,0.092005885269153,0.440854499476078,0.0516994720981932,45.4436513741462,2,2,19
"ind.938",5,3,0.092005885269153,0.440854499476078,0.0516994720981932,47.2139045523194,2,1,18
"ind.1038",5,3,0.092005885269153,0.440854499476078,0.0516994720981932,33.0737344768877,3,5,30
"ind.1155",5,3,0.092005885269153,0.440854499476078,0.0516994720981932,27.1710648104216,5,1,42
"ind.1240",5,3,0.092005885269153,0.440854499476078,0.0516994720981932,48.7303508652523,2,0,17
"ind.1338",5,3,0.092005885269153,0.440854499476078,0.0516994720981932,19.6869774970453,6,1,50
"ind.1438",5,3,0.092005885269153,0.440854499476078,0.0516994720981932,6.82051273439473,6,6,55
"ind.1538",5,3,0.092005885269153,0.440854499476078,0.0516994720981932,2.6136412504271,7,3,60
"ind.1638",5,3,0.092005885269153,0.440854499476078,0.0516994720981932,45.72595852721,0,3,4
"ind.1738",5,3,0.092005885269153,0.440854499476078,0.0516994720981932,13.7824275542126,6,2,51
"ind.1838",5,3,0.092005885269153,0.440854499476078,0.0516994720981932,31.2662106411159,4,2,35
"ind.1938",5,3,0.092005885269153,0.440854499476078,0.0516994720981932,36.2121824884345,2,6,23
"ind.2038",5,3,0.092005885269153,0.440854499476078,0.0516994720981932,39.3691648951819,3,2,27
"ind.2140",5,3,0.092005885269153,0.440854499476078,0.0516994720981932,0.603322994293781,7,5,62
"ind.2238",5,3,0.092005885269153,0.440854499476078,0.0516994720981932,34.7936674377179,0,7,8
"ind.2338",5,3,0.092005885269153,0.440854499476078,0.0516994720981932,43.1483614302101,0,4,5
"ind.2438",5,3,0.092005885269153,0.440854499476078,0.0516994720981932,39.7983703885772,4,0,33
"choice39",5,4,0.092005885269153,0.440854499476078,0.0516994720981932,42.6347392042535,1,7,16
"ind39",5,4,0.092005885269153,0.440854499476078,0.0516994720981932,43.5080284716712,0,5,6
"ind.1156",5,4,0.092005885269153,0.440854499476078,0.0516994720981932,17.384687310529,7,1,58
"ind.277",5,4,0.092005885269153,0.440854499476078,0.0516994720981932,36.7218305656701,4,3,36
"ind.339",5,4,0.092005885269153,0.440854499476078,0.0516994720981932,16.6019905541162,6,4,53
"ind.439",5,4,0.092005885269153,0.440854499476078,0.0516994720981932,28.9268563263585,6,1,50
"ind.539",5,4,0.092005885269153,0.440854499476078,0.0516994720981932,5.60532229844631,7,5,62
"ind.639",5,4,0.092005885269153,0.440854499476078,0.0516994720981932,38.1299450732082,2,4,21
"ind.739",5,4,0.092005885269153,0.440854499476078,0.0516994720981932,35.5477139644311,2,7,24
"ind.839",5,4,0.092005885269153,0.440854499476078,0.0516994720981932,28.7817794075047,3,5,30
"ind.939",5,4,0.092005885269153,0.440854499476078,0.0516994720981932,18.5209198846708,4,6,39
"ind.1039",5,4,0.092005885269153,0.440854499476078,0.0516994720981932,16.7009803687253,5,5,46
"ind.1157",5,4,0.092005885269153,0.440854499476078,0.0516994720981932,45.5015484534731,1,3,12
"ind.1241",5,4,0.092005885269153,0.440854499476078,0.0516994720981932,48.7044703798431,0,1,2
"ind.1339",5,4,0.092005885269153,0.440854499476078,0.0516994720981932,23.5427041339726,5,4,45
"ind.1439",5,4,0.092005885269153,0.440854499476078,0.0516994720981932,33.160162070579,2,6,23
"ind.1539",5,4,0.092005885269153,0.440854499476078,0.0516994720981932,44.5451342825817,1,0,9
"ind.1639",5,4,0.092005885269153,0.440854499476078,0.0516994720981932,17.3873427102369,7,0,57
"ind.1739",5,4,0.092005885269153,0.440854499476078,0.0516994720981932,2.0109468769951,7,6,63
"ind.1839",5,4,0.092005885269153,0.440854499476078,0.0516994720981932,44.5234015927088,4,0,33
"ind.1939",5,4,0.092005885269153,0.440854499476078,0.0516994720981932,43.5080284716712,0,5,6
"ind.2039",5,4,0.092005885269153,0.440854499476078,0.0516994720981932,47.3961326013274,0,7,8
"ind.2141",5,4,0.092005885269153,0.440854499476078,0.0516994720981932,9.60842520678217,5,7,48
"ind.2239",5,4,0.092005885269153,0.440854499476078,0.0516994720981932,9.61238160055097,7,4,61
"ind.2339",5,4,0.092005885269153,0.440854499476078,0.0516994720981932,11.6411983438845,5,6,47
"ind.2439",5,4,0.092005885269153,0.440854499476078,0.0516994720981932,28.498813908073,6,0,49
"choice40",5,5,0.092005885269153,0.440854499476078,0.0516994720981932,23.2651036732354,1,1,10
"ind40",5,5,0.092005885269153,0.440854499476078,0.0516994720981932,18.8758180558097,7,1,58
"ind.1158",5,5,0.092005885269153,0.440854499476078,0.0516994720981932,19.252281740506,2,2,19
"ind.278",5,5,0.092005885269153,0.440854499476078,0.0516994720981932,13.0980243613918,3,2,27
"ind.340",5,5,0.092005885269153,0.440854499476078,0.0516994720981932,0.709495478684058,4,0,33
"ind.440",5,5,0.092005885269153,0.440854499476078,0.0516994720981932,34.2115680263841,0,4,5
"ind.540",5,5,0.092005885269153,0.440854499476078,0.0516994720981932,35.3226146246675,0,5,6
"ind.640",5,5,0.092005885269153,0.440854499476078,0.0516994720981932,26.3536881352575,3,4,29
"ind.740",5,5,0.092005885269153,0.440854499476078,0.0516994720981932,42.3658086654227,3,6,31
"ind.840",5,5,0.092005885269153,0.440854499476078,0.0516994720981932,35.3226146246675,0,5,6
"ind.940",5,5,0.092005885269153,0.440854499476078,0.0516994720981932,17.4246856945348,5,3,44
"ind.1040",5,5,0.092005885269153,0.440854499476078,0.0516994720981932,47.941920330433,5,7,48
"ind.1159",5,5,0.092005885269153,0.440854499476078,0.0516994720981932,31.5922692674626,7,3,60
"ind.1242",5,5,0.092005885269153,0.440854499476078,0.0516994720981932,4.53044736438887,6,0,49
"ind.1340",5,5,0.092005885269153,0.440854499476078,0.0516994720981932,47.941920330433,5,7,48
"ind.1440",5,5,0.092005885269153,0.440854499476078,0.0516994720981932,38.2135640706481,0,6,7
"ind.1540",5,5,0.092005885269153,0.440854499476078,0.0516994720981932,5.62664743331822,3,0,25
"ind.1640",5,5,0.092005885269153,0.440854499476078,0.0516994720981932,40.2269702242602,1,6,15
"ind.1740",5,5,0.092005885269153,0.440854499476078,0.0516994720981932,13.820979582812,7,0,57
"ind.1840",5,5,0.092005885269153,0.440854499476078,0.0516994720981932,43.1186963953657,0,7,8
"ind.1940",5,5,0.092005885269153,0.440854499476078,0.0516994720981932,16.5466909557224,4,3,36
"ind.2040",5,5,0.092005885269153,0.440854499476078,0.0516994720981932,9.27908237349529,4,2,35
"ind.2142",5,5,0.092005885269153,0.440854499476078,0.0516994720981932,28.8977319960569,1,3,12
"ind.2240",5,5,0.092005885269153,0.440854499476078,0.0516994720981932,35.0025108192467,2,5,22
"ind.2340",5,5,0.092005885269153,0.440854499476078,0.0516994720981932,34.2583032729412,3,5,30
"ind.2440",5,5,0.092005885269153,0.440854499476078,0.0516994720981932,31.088145227136,0,1,2
"choice41",5,6,0.092005885269153,0.440854499476078,0.0516994720981932,21.4396992946867,6,5,54
"ind41",5,6,0.092005885269153,0.440854499476078,0.0516994720981932,17.920355786441,5,5,46
"ind.1160",5,6,0.092005885269153,0.440854499476078,0.0516994720981932,25.2126532323174,7,2,59
"ind.279",5,6,0.092005885269153,0.440854499476078,0.0516994720981932,17.5216744058346,4,4,37
"ind.341",5,6,0.092005885269153,0.440854499476078,0.0516994720981932,4.91018534871287,0,1,2
"ind.441",5,6,0.092005885269153,0.440854499476078,0.0516994720981932,20.6789832116902,2,3,20
"ind.541",5,6,0.092005885269153,0.440854499476078,0.0516994720981932,35.0050316128405,5,7,48
"ind.641",5,6,0.092005885269153,0.440854499476078,0.0516994720981932,50,7,7,64
"ind.741",5,6,0.092005885269153,0.440854499476078,0.0516994720981932,9.64289697658332,2,5,22
"ind.841",5,6,0.092005885269153,0.440854499476078,0.0516994720981932,16.6773471639578,1,1,10
"ind.941",5,6,0.092005885269153,0.440854499476078,0.0516994720981932,24.8330567613416,4,3,36
"ind.1041",5,6,0.092005885269153,0.440854499476078,0.0516994720981932,29.763999957107,6,2,51
"ind.1161",5,6,0.092005885269153,0.440854499476078,0.0516994720981932,11.387856238054,3,5,30
"ind.1243",5,6,0.092005885269153,0.440854499476078,0.0516994720981932,39.8710229491697,4,0,33
"ind.1341",5,6,0.092005885269153,0.440854499476078,0.0516994720981932,18.0775541467964,1,2,11
"ind.1441",5,6,0.092005885269153,0.440854499476078,0.0516994720981932,32.5952404314298,5,2,43
"ind.1541",5,6,0.092005885269153,0.440854499476078,0.0516994720981932,26.9119387338039,2,1,18
"ind.1641",5,6,0.092005885269153,0.440854499476078,0.0516994720981932,42.075563870944,5,0,41
"ind.1741",5,6,0.092005885269153,0.440854499476078,0.0516994720981932,41.3030815760566,6,0,49
"ind.1841",5,6,0.092005885269153,0.440854499476078,0.0516994720981932,34.4398754743683,3,1,26
"ind.1941",5,6,0.092005885269153,0.440854499476078,0.0516994720981932,12.2117294324877,3,6,31
"ind.2041",5,6,0.092005885269153,0.440854499476078,0.0516994720981932,30.4352100542928,3,2,27
"ind.2143",5,6,0.092005885269153,0.440854499476078,0.0516994720981932,9.58188245478036,0,6,7
"ind.2241",5,6,0.092005885269153,0.440854499476078,0.0516994720981932,12.1339348186925,2,7,24
"ind.2341",5,6,0.092005885269153,0.440854499476078,0.0516994720981932,23.4969951293541,3,3,28
"ind.2441",5,6,0.092005885269153,0.440854499476078,0.0516994720981932,7.55690496786286,1,6,15
"choice42",5,7,0.092005885269153,0.440854499476078,0.0516994720981932,14.7820414199144,7,3,60
"ind42",5,7,0.092005885269153,0.440854499476078,0.0516994720981932,11.4120795280813,3,4,29
"ind.1162",5,7,0.092005885269153,0.440854499476078,0.0516994720981932,27.4307323302104,1,4,13
"ind.280",5,7,0.092005885269153,0.440854499476078,0.0516994720981932,12.6472210622012,6,1,50
"ind.342",5,7,0.092005885269153,0.440854499476078,0.0516994720981932,11.7699059231949,5,0,41
"ind.442",5,7,0.092005885269153,0.440854499476078,0.0516994720981932,41.018619263118,0,3,4
"ind.542",5,7,0.092005885269153,0.440854499476078,0.0516994720981932,4.53292617690232,4,5,38
"ind.642",5,7,0.092005885269153,0.440854499476078,0.0516994720981932,28.1947302816912,2,1,18
"ind.742",5,7,0.092005885269153,0.440854499476078,0.0516994720981932,13.035012623468,2,6,23
"ind.842",5,7,0.092005885269153,0.440854499476078,0.0516994720981932,50,0,0,1
"ind.942",5,7,0.092005885269153,0.440854499476078,0.0516994720981932,1.99955021706372,5,6,47
"ind.1042",5,7,0.092005885269153,0.440854499476078,0.0516994720981932,7.21194728152259,4,4,37
"ind.1163",5,7,0.092005885269153,0.440854499476078,0.0516994720981932,19.464933242274,1,6,15
"ind.1244",5,7,0.092005885269153,0.440854499476078,0.0516994720981932,12.4847112002381,5,1,42
"ind.1342",5,7,0.092005885269153,0.440854499476078,0.0516994720981932,3.54421488293316,5,7,48
"ind.1442",5,7,0.092005885269153,0.440854499476078,0.0516994720981932,18.1535222532702,3,2,27
"ind.1542",5,7,0.092005885269153,0.440854499476078,0.0516994720981932,47.304899587434,0,1,2
"ind.1642",5,7,0.092005885269153,0.440854499476078,0.0516994720981932,10.2096128636416,6,0,49
"ind.1742",5,7,0.092005885269153,0.440854499476078,0.0516994720981932,31.7178845266775,1,3,12
"ind.1842",5,7,0.092005885269153,0.440854499476078,0.0516994720981932,13.1406043615109,2,7,24
"ind.1942",5,7,0.092005885269153,0.440854499476078,0.0516994720981932,8.88576298718309,3,7,32
"ind.2042",5,7,0.092005885269153,0.440854499476078,0.0516994720981932,22.3679389868905,2,3,20
"ind.2144",5,7,0.092005885269153,0.440854499476078,0.0516994720981932,30.5686408145744,0,5,6
"ind.2242",5,7,0.092005885269153,0.440854499476078,0.0516994720981932,7.52022004734431,3,6,31
"ind.2342",5,7,0.092005885269153,0.440854499476078,0.0516994720981932,10.5315123252041,4,3,36
"ind.2442",5,7,0.092005885269153,0.440854499476078,0.0516994720981932,15.7935812247639,7,1,58
"choice43",5,8,0.092005885269153,0.440854499476078,0.0516994720981932,42.8883830067309,4,1,34
"ind43",5,8,0.092005885269153,0.440854499476078,0.0516994720981932,21.1559682846617,0,2,3
"ind.1164",5,8,0.092005885269153,0.440854499476078,0.0516994720981932,20.5094840031557,0,4,5
"ind.281",5,8,0.092005885269153,0.440854499476078,0.0516994720981932,8.12480638217369,2,7,24
"ind.343",5,8,0.092005885269153,0.440854499476078,0.0516994720981932,16.5598912443297,0,7,8
"ind.443",5,8,0.092005885269153,0.440854499476078,0.0516994720981932,31.2430435812401,2,2,19
"ind.543",5,8,0.092005885269153,0.440854499476078,0.0516994720981932,42.1431736665662,3,0,25
"ind.643",5,8,0.092005885269153,0.440854499476078,0.0516994720981932,49.2780478054761,7,0,57
"ind.743",5,8,0.092005885269153,0.440854499476078,0.0516994720981932,26.5101166913973,6,3,52
"ind.843",5,8,0.092005885269153,0.440854499476078,0.0516994720981932,26.958175565404,4,3,36
"ind.943",5,8,0.092005885269153,0.440854499476078,0.0516994720981932,16.1898737470362,5,4,45
"ind.1043",5,8,0.092005885269153,0.440854499476078,0.0516994720981932,20.5457882457119,0,0,1
"ind.1165",5,8,0.092005885269153,0.440854499476078,0.0516994720981932,8.10305076104722,7,7,64
"ind.1245",5,8,0.092005885269153,0.440854499476078,0.0516994720981932,44.3170702686364,5,1,42
"ind.1343",5,8,0.092005885269153,0.440854499476078,0.0516994720981932,9.25128264845819,7,6,63
"ind.1443",5,8,0.092005885269153,0.440854499476078,0.0516994720981932,39.369749864942,3,1,26
"ind.1543",5,8,0.092005885269153,0.440854499476078,0.0516994720981932,20.8118294254485,0,1,2
"ind.1643",5,8,0.092005885269153,0.440854499476078,0.0516994720981932,44.3167122945534,6,1,50
"ind.1743",5,8,0.092005885269153,0.440854499476078,0.0516994720981932,50,6,0,49
"ind.1843",5,8,0.092005885269153,0.440854499476078,0.0516994720981932,7.44511687684628,5,5,46
"ind.1943",5,8,0.092005885269153,0.440854499476078,0.0516994720981932,11.804224920837,3,5,30
"ind.2043",5,8,0.092005885269153,0.440854499476078,0.0516994720981932,27.491359749957,1,1,10
"ind.2145",5,8,0.092005885269153,0.440854499476078,0.0516994720981932,26.9664840148487,2,3,20
"ind.2243",5,8,0.092005885269153,0.440854499476078,0.0516994720981932,19.8289950258065,7,4,61
"ind.2343",5,8,0.092005885269153,0.440854499476078,0.0516994720981932,27.9979241301213,7,3,60
"ind.2443",5,8,0.092005885269153,0.440854499476078,0.0516994720981932,3.37293746418183,3,7,32
"choice44",5,9,0.092005885269153,0.440854499476078,0.0516994720981932,13.035012623468,2,6,23
"ind44",5,9,0.092005885269153,0.440854499476078,0.0516994720981932,8.55016070017573,3,5,30
"ind.1166",5,9,0.092005885269153,0.440854499476078,0.0516994720981932,30.5686408145744,0,5,6
"ind.282",5,9,0.092005885269153,0.440854499476078,0.0516994720981932,9.38134586560601,5,3,44
"ind.344",5,9,0.092005885269153,0.440854499476078,0.0516994720981932,10.2096128636416,6,0,49
"ind.444",5,9,0.092005885269153,0.440854499476078,0.0516994720981932,14.9326942705848,3,3,28
"ind.544",5,9,0.092005885269153,0.440854499476078,0.0516994720981932,20.6252295100266,3,1,26
"ind.644",5,9,0.092005885269153,0.440854499476078,0.0516994720981932,1.70607717339731,6,7,56
"ind.744",5,9,0.092005885269153,0.440854499476078,0.0516994720981932,47.304899587434,0,1,2
"ind.844",5,9,0.092005885269153,0.440854499476078,0.0516994720981932,5.76240820172847,4,7,40
"ind.944",5,9,0.092005885269153,0.440854499476078,0.0516994720981932,13.1072755273121,6,2,51
"ind.1044",5,9,0.092005885269153,0.440854499476078,0.0516994720981932,30.4752221616437,2,0,17
"ind.1167",5,9,0.092005885269153,0.440854499476078,0.0516994720981932,16.0508744617254,4,0,33
"ind.1246",5,9,0.092005885269153,0.440854499476078,0.0516994720981932,3.8495301270503,4,6,39
"ind.1344",5,9,0.092005885269153,0.440854499476078,0.0516994720981932,7.21194728152259,4,4,37
"ind.1444",5,9,0.092005885269153,0.440854499476078,0.0516994720981932,22.1910536919474,0,7,8
"ind.1544",5,9,0.092005885269153,0.440854499476078,0.0516994720981932,17.8771797526339,1,7,16
"ind.1644",5,9,0.092005885269153,0.440854499476078,0.0516994720981932,31.7178845266775,1,3,12
"ind.1744",5,9,0.092005885269153,0.440854499476078,0.0516994720981932,3.44284590443933,6,5,54
"ind.1844",5,9,0.092005885269153,0.440854499476078,0.0516994720981932,7.52022004734431,3,6,31
"ind.1944",5,9,0.092005885269153,0.440854499476078,0.0516994720981932,18.1535222532702,3,2,27
"ind.2044",5,9,0.092005885269153,0.440854499476078,0.0516994720981932,15.7935812247639,7,1,58
"ind.2146",5,9,0.092005885269153,0.440854499476078,0.0516994720981932,3.54421488293316,5,7,48
"ind.2244",5,9,0.092005885269153,0.440854499476078,0.0516994720981932,15.0583984221561,2,5,22
"ind.2344",5,9,0.092005885269153,0.440854499476078,0.0516994720981932,27.4307323302104,1,4,13
"ind.2444",5,9,0.092005885269153,0.440854499476078,0.0516994720981932,22.997321452037,1,5,14
"choice45",6,1,0.114477356995221,0.440854499476078,0.0516994720981932,0.84099405670408,7,1,58
"ind45",6,1,0.114477356995221,0.440854499476078,0.0516994720981932,38.3581396577724,7,6,63
"ind.1168",6,1,0.114477356995221,0.440854499476078,0.0516994720981932,39.7574418011674,4,4,37
"ind.283",6,1,0.114477356995221,0.440854499476078,0.0516994720981932,40.0460597943196,3,4,29
"ind.345",6,1,0.114477356995221,0.440854499476078,0.0516994720981932,43.374025547732,2,6,23
"ind.445",6,1,0.114477356995221,0.440854499476078,0.0516994720981932,26.7730674727733,3,2,27
"ind.545",6,1,0.114477356995221,0.440854499476078,0.0516994720981932,37.4877478469213,0,5,6
"ind.645",6,1,0.114477356995221,0.440854499476078,0.0516994720981932,27.9718746684478,5,3,44
"ind.745",6,1,0.114477356995221,0.440854499476078,0.0516994720981932,48.8032628995543,5,7,48
"ind.845",6,1,0.114477356995221,0.440854499476078,0.0516994720981932,39.6779936681513,2,4,21
"ind.945",6,1,0.114477356995221,0.440854499476078,0.0516994720981932,25.9531388053147,2,1,18
"ind.1045",6,1,0.114477356995221,0.440854499476078,0.0516994720981932,4.56018127168576,6,0,49
"ind.1169",6,1,0.114477356995221,0.440854499476078,0.0516994720981932,30.783611137389,1,1,10
"ind.1247",6,1,0.114477356995221,0.440854499476078,0.0516994720981932,18.4082868563672,3,0,25
"ind.1345",6,1,0.114477356995221,0.440854499476078,0.0516994720981932,30.2290438885969,0,7,8
"ind.1445",6,1,0.114477356995221,0.440854499476078,0.0516994720981932,38.6313619464177,1,6,15
"ind.1545",6,1,0.114477356995221,0.440854499476078,0.0516994720981932,40.4250621889796,0,3,4
"ind.1645",6,1,0.114477356995221,0.440854499476078,0.0516994720981932,34.0307226031885,0,6,7
"ind.1745",6,1,0.114477356995221,0.440854499476078,0.0516994720981932,35.8058764497958,0,1,2
"ind.1845",6,1,0.114477356995221,0.440854499476078,0.0516994720981932,46.1496993095343,6,6,55
"ind.1945",6,1,0.114477356995221,0.440854499476078,0.0516994720981932,39.8832548799063,1,5,14
"ind.2045",6,1,0.114477356995221,0.440854499476078,0.0516994720981932,48.8032628995543,5,7,48
"ind.2147",6,1,0.114477356995221,0.440854499476078,0.0516994720981932,46.1496993095343,6,6,55
"ind.2245",6,1,0.114477356995221,0.440854499476078,0.0516994720981932,0,7,0,57
"ind.2345",6,1,0.114477356995221,0.440854499476078,0.0516994720981932,17.1577789249925,4,1,34
"ind.2445",6,1,0.114477356995221,0.440854499476078,0.0516994720981932,14.1843446680805,4,0,33
"choice46",6,2,0.114477356995221,0.440854499476078,0.0516994720981932,22.3360401435034,5,2,43
"ind46",6,2,0.114477356995221,0.440854499476078,0.0516994720981932,13.3183905368992,7,1,58
"ind.1170",6,2,0.114477356995221,0.440854499476078,0.0516994720981932,34.9628618576508,4,1,34
"ind.284",6,2,0.114477356995221,0.440854499476078,0.0516994720981932,12.9475914014113,5,7,48
"ind.346",6,2,0.114477356995221,0.440854499476078,0.0516994720981932,0.994368237178297,7,4,61
"ind.446",6,2,0.114477356995221,0.440854499476078,0.0516994720981932,2.6136412504271,7,3,60
"ind.546",6,2,0.114477356995221,0.440854499476078,0.0516994720981932,37.236999132224,3,3,28
"ind.646",6,2,0.114477356995221,0.440854499476078,0.0516994720981932,34.7936674377179,0,7,8
"ind.746",6,2,0.114477356995221,0.440854499476078,0.0516994720981932,49.6207694340616,1,1,10
"ind.846",6,2,0.114477356995221,0.440854499476078,0.0516994720981932,36.2121824884345,2,6,23
"ind.946",6,2,0.114477356995221,0.440854499476078,0.0516994720981932,27.6657034442765,6,0,49
"ind.1046",6,2,0.114477356995221,0.440854499476078,0.0516994720981932,43.1483614302101,0,4,5
"ind.1171",6,2,0.114477356995221,0.440854499476078,0.0516994720981932,26.8725451466771,4,4,37
"ind.1248",6,2,0.114477356995221,0.440854499476078,0.0516994720981932,35.7970810577849,1,7,16
"ind.1346",6,2,0.114477356995221,0.440854499476078,0.0516994720981932,38.9594988256336,2,5,22
"ind.1446",6,2,0.114477356995221,0.440854499476078,0.0516994720981932,40.3424278589225,0,5,6
"ind.1546",6,2,0.114477356995221,0.440854499476078,0.0516994720981932,14.5620362308043,5,6,47
"ind.1646",6,2,0.114477356995221,0.440854499476078,0.0516994720981932,24.9755903796227,4,5,38
"ind.1746",6,2,0.114477356995221,0.440854499476078,0.0516994720981932,41.4207904668793,2,4,21
"ind.1846",6,2,0.114477356995221,0.440854499476078,0.0516994720981932,48.371571815558,1,2,11
"ind.1946",6,2,0.114477356995221,0.440854499476078,0.0516994720981932,33.3836570800294,2,7,24
"ind.2046",6,2,0.114477356995221,0.440854499476078,0.0516994720981932,38.6898551993666,1,6,15
"ind.2148",6,2,0.114477356995221,0.440854499476078,0.0516994720981932,10.3060715109391,6,3,52
"ind.2246",6,2,0.114477356995221,0.440854499476078,0.0516994720981932,6.50911612890569,7,2,59
"ind.2346",6,2,0.114477356995221,0.440854499476078,0.0516994720981932,13.7824275542126,6,2,51
"ind.2446",6,2,0.114477356995221,0.440854499476078,0.0516994720981932,49.6207694340616,1,1,10
"choice47",6,3,0.114477356995221,0.440854499476078,0.0516994720981932,17.1352725278744,5,1,42
"ind47",6,3,0.114477356995221,0.440854499476078,0.0516994720981932,31.5810058338995,7,5,62
"ind.1172",6,3,0.114477356995221,0.440854499476078,0.0516994720981932,29.7100545367376,7,4,61
"ind.285",6,3,0.114477356995221,0.440854499476078,0.0516994720981932,11.6749169805703,3,0,25
"ind.347",6,3,0.114477356995221,0.440854499476078,0.0516994720981932,44.0811202887644,3,3,28
"ind.447",6,3,0.114477356995221,0.440854499476078,0.0516994720981932,29.4743129063916,6,3,52
"ind.547",6,3,0.114477356995221,0.440854499476078,0.0516994720981932,30.875385751287,7,6,63
"ind.647",6,3,0.114477356995221,0.440854499476078,0.0516994720981932,44.6322861635281,2,3,20
"ind.747",6,3,0.114477356995221,0.440854499476078,0.0516994720981932,33.5920304140452,6,4,53
"ind.847",6,3,0.114477356995221,0.440854499476078,0.0516994720981932,48.6728394087935,1,4,13
"ind.947",6,3,0.114477356995221,0.440854499476078,0.0516994720981932,26.7565169311434,5,7,48
"ind.1047",6,3,0.114477356995221,0.440854499476078,0.0516994720981932,46.6845625649492,1,7,16
"ind.1173",6,3,0.114477356995221,0.440854499476078,0.0516994720981932,41.0542207577607,4,3,36
"ind.1249",6,3,0.114477356995221,0.440854499476078,0.0516994720981932,48.6728394087935,1,4,13
"ind.1347",6,3,0.114477356995221,0.440854499476078,0.0516994720981932,35.0458851877236,3,2,27
"ind.1447",6,3,0.114477356995221,0.440854499476078,0.0516994720981932,21.5377244985024,6,2,51
"ind.1547",6,3,0.114477356995221,0.440854499476078,0.0516994720981932,49.456179031446,2,4,21
"ind.1647",6,3,0.114477356995221,0.440854499476078,0.0516994720981932,30.2838644849471,4,7,40
"ind.1747",6,3,0.114477356995221,0.440854499476078,0.0516994720981932,47.809882745726,0,5,6
"ind.1847",6,3,0.114477356995221,0.440854499476078,0.0516994720981932,16.4867292433949,7,2,59
"ind.1947",6,3,0.114477356995221,0.440854499476078,0.0516994720981932,17.5235854085094,0,1,2
"ind.2047",6,3,0.114477356995221,0.440854499476078,0.0516994720981932,44.3276812491136,4,4,37
"ind.2149",6,3,0.114477356995221,0.440854499476078,0.0516994720981932,7.51603536308626,7,1,58
"ind.2247",6,3,0.114477356995221,0.440854499476078,0.0516994720981932,32.3467946169791,5,6,47
"ind.2347",6,3,0.114477356995221,0.440854499476078,0.0516994720981932,49.456179031446,2,4,21
"ind.2447",6,3,0.114477356995221,0.440854499476078,0.0516994720981932,21.2718347470547,4,1,34
"choice48",6,4,0.114477356995221,0.440854499476078,0.0516994720981932,46.2170850056333,6,5,54
"ind48",6,4,0.114477356995221,0.440854499476078,0.0516994720981932,40.9462118477777,7,7,64
"ind.1174",6,4,0.114477356995221,0.440854499476078,0.0516994720981932,38.5717914619629,7,5,62
"ind.286",6,4,0.114477356995221,0.440854499476078,0.0516994720981932,42.4740384424322,4,0,33
"ind.348",6,4,0.114477356995221,0.440854499476078,0.0516994720981932,33.0548076279205,3,2,27
"ind.448",6,4,0.114477356995221,0.440854499476078,0.0516994720981932,46.6782819270574,6,6,55
"ind.548",6,4,0.114477356995221,0.440854499476078,0.0516994720981932,47.880644956521,5,4,45
"ind.648",6,4,0.114477356995221,0.440854499476078,0.0516994720981932,28.0533531457725,2,0,17
"ind.748",6,4,0.114477356995221,0.440854499476078,0.0516994720981932,41.8488212611777,3,5,30
"ind.848",6,4,0.114477356995221,0.440854499476078,0.0516994720981932,12.7791886695224,1,1,10
"ind.948",6,4,0.114477356995221,0.440854499476078,0.0516994720981932,24.0059962980255,2,1,18
"ind.1048",6,4,0.114477356995221,0.440854499476078,0.0516994720981932,40.8042877844652,4,1,34
"ind.1175",6,4,0.114477356995221,0.440854499476078,0.0516994720981932,45.4973936117245,6,1,50
"ind.1250",6,4,0.114477356995221,0.440854499476078,0.0516994720981932,6.97925279881967,0,4,5
"ind.1348",6,4,0.114477356995221,0.440854499476078,0.0516994720981932,44.6482538661169,5,2,43
"ind.1448",6,4,0.114477356995221,0.440854499476078,0.0516994720981932,47.2565485567163,7,0,57
"ind.1548",6,4,0.114477356995221,0.440854499476078,0.0516994720981932,50,5,6,47
"ind.1648",6,4,0.114477356995221,0.440854499476078,0.0516994720981932,26.0302691622168,0,7,8
"ind.1748",6,4,0.114477356995221,0.440854499476078,0.0516994720981932,1.88153829872587,0,1,2
"ind.1848",6,4,0.114477356995221,0.440854499476078,0.0516994720981932,49.542221261472,5,5,46
"ind.1948",6,4,0.114477356995221,0.440854499476078,0.0516994720981932,0,0,2,3
"ind.2048",6,4,0.114477356995221,0.440854499476078,0.0516994720981932,48.9907533636157,4,6,39
"ind.2150",6,4,0.114477356995221,0.440854499476078,0.0516994720981932,50,5,6,47
"ind.2248",6,4,0.114477356995221,0.440854499476078,0.0516994720981932,50,5,6,47
"ind.2348",6,4,0.114477356995221,0.440854499476078,0.0516994720981932,41.6824377400362,7,2,59
"ind.2448",6,4,0.114477356995221,0.440854499476078,0.0516994720981932,22.4802104228238,2,2,19
"choice49",6,5,0.114477356995221,0.440854499476078,0.0516994720981932,32.0631292348065,2,2,19
"ind49",6,5,0.114477356995221,0.440854499476078,0.0516994720981932,18.9611204428604,1,3,12
"ind.1176",6,5,0.114477356995221,0.440854499476078,0.0516994720981932,0,1,7,16
"ind.287",6,5,0.114477356995221,0.440854499476078,0.0516994720981932,20.9781705386983,3,4,29
"ind.349",6,5,0.114477356995221,0.440854499476078,0.0516994720981932,50,4,0,33
"ind.449",6,5,0.114477356995221,0.440854499476078,0.0516994720981932,35.7553916126887,1,1,10
"ind.549",6,5,0.114477356995221,0.440854499476078,0.0516994720981932,36.3720672579703,3,2,27
"ind.649",6,5,0.114477356995221,0.440854499476078,0.0516994720981932,40.3714944064926,6,1,50
"ind.749",6,5,0.114477356995221,0.440854499476078,0.0516994720981932,9.88929035586055,3,6,31
"ind.849",6,5,0.114477356995221,0.440854499476078,0.0516994720981932,17.3289657244779,5,7,48
"ind.949",6,5,0.114477356995221,0.440854499476078,0.0516994720981932,20.9116737147342,6,7,56
"ind.1049",6,5,0.114477356995221,0.440854499476078,0.0516994720981932,23.5282020753458,2,3,20
"ind.1177",6,5,0.114477356995221,0.440854499476078,0.0516994720981932,39.0758627825375,4,2,35
"ind.1251",6,5,0.114477356995221,0.440854499476078,0.0516994720981932,8.69762202999444,0,4,5
"ind.1349",6,5,0.114477356995221,0.440854499476078,0.0516994720981932,23.3268237647486,7,5,62
"ind.1449",6,5,0.114477356995221,0.440854499476078,0.0516994720981932,32.2049819953688,4,3,36
"ind.1549",6,5,0.114477356995221,0.440854499476078,0.0516994720981932,39.0350422628643,5,2,43
"ind.1649",6,5,0.114477356995221,0.440854499476078,0.0516994720981932,12.2110138757238,4,7,40
"ind.1749",6,5,0.114477356995221,0.440854499476078,0.0516994720981932,44.1664010213306,6,0,49
"ind.1849",6,5,0.114477356995221,0.440854499476078,0.0516994720981932,22.3970489118365,7,7,64
"ind.1949",6,5,0.114477356995221,0.440854499476078,0.0516994720981932,9.19564011829138,2,5,22
"ind.2049",6,5,0.114477356995221,0.440854499476078,0.0516994720981932,48.8647604291603,3,0,25
"ind.2151",6,5,0.114477356995221,0.440854499476078,0.0516994720981932,27.7014749531978,6,4,53
"ind.2249",6,5,0.114477356995221,0.440854499476078,0.0516994720981932,45.9938267494783,2,0,17
"ind.2349",6,5,0.114477356995221,0.440854499476078,0.0516994720981932,38.107734555636,0,0,1
"ind.2449",6,5,0.114477356995221,0.440854499476078,0.0516994720981932,20.0907652344353,4,5,38
"choice50",6,6,0.114477356995221,0.440854499476078,0.0516994720981932,21.9563288938732,5,0,41
"ind50",6,6,0.114477356995221,0.440854499476078,0.0516994720981932,5.35134471523788,2,3,20
"ind.1178",6,6,0.114477356995221,0.440854499476078,0.0516994720981932,3.20007462023396,0,0,1
"ind.288",6,6,0.114477356995221,0.440854499476078,0.0516994720981932,14.4838433409972,4,3,36
"ind.350",6,6,0.114477356995221,0.440854499476078,0.0516994720981932,36.0475717268547,5,7,48
"ind.450",6,6,0.114477356995221,0.440854499476078,0.0516994720981932,11.6340517326543,3,4,29
"ind.550",6,6,0.114477356995221,0.440854499476078,0.0516994720981932,22.6140313028025,0,5,6
"ind.650",6,6,0.114477356995221,0.440854499476078,0.0516994720981932,23.3373877711858,3,6,31
"ind.750",6,6,0.114477356995221,0.440854499476078,0.0516994720981932,17.6025650546872,0,4,5
"ind.850",6,6,0.114477356995221,0.440854499476078,0.0516994720981932,21.5392626156134,5,1,42
"ind.950",6,6,0.114477356995221,0.440854499476078,0.0516994720981932,25.7069755044344,5,3,44
"ind.1050",6,6,0.114477356995221,0.440854499476078,0.0516994720981932,32.6807632261817,0,7,8
"ind.1179",6,6,0.114477356995221,0.440854499476078,0.0516994720981932,11.7622112334885,4,2,35
"ind.1252",6,6,0.114477356995221,0.440854499476078,0.0516994720981932,12.0783051105145,0,3,4
"ind.1350",6,6,0.114477356995221,0.440854499476078,0.0516994720981932,7.37884622768796,3,3,28
"ind.1450",6,6,0.114477356995221,0.440854499476078,0.0516994720981932,21.8568602519617,4,5,38
"ind.1550",6,6,0.114477356995221,0.440854499476078,0.0516994720981932,7.60277393681322,1,3,12
"ind.1650",6,6,0.114477356995221,0.440854499476078,0.0516994720981932,7.08474860542346,0,2,3
"ind.1750",6,6,0.114477356995221,0.440854499476078,0.0516994720981932,41.2061547324718,6,7,56
"ind.1850",6,6,0.114477356995221,0.440854499476078,0.0516994720981932,46.1354482665236,7,7,64
"ind.1950",6,6,0.114477356995221,0.440854499476078,0.0516994720981932,16.4892883040465,2,5,22
"ind.2050",6,6,0.114477356995221,0.440854499476078,0.0516994720981932,34.1333183200271,6,1,50
"ind.2152",6,6,0.114477356995221,0.440854499476078,0.0516994720981932,40.2578909651144,6,4,53
"ind.2250",6,6,0.114477356995221,0.440854499476078,0.0516994720981932,28.4139558207884,5,4,45
"ind.2350",6,6,0.114477356995221,0.440854499476078,0.0516994720981932,3.77785325543645,0,1,2
"ind.2450",6,6,0.114477356995221,0.440854499476078,0.0516994720981932,25.8853941164065,1,6,15
"choice51",6,7,0.114477356995221,0.440854499476078,0.0516994720981932,1.69130569277155,3,5,30
"ind51",6,7,0.114477356995221,0.440854499476078,0.0516994720981932,19.0018992456762,7,2,59
"ind.1180",6,7,0.114477356995221,0.440854499476078,0.0516994720981932,8.16788622614801,1,6,15
"ind.289",6,7,0.114477356995221,0.440854499476078,0.0516994720981932,27.183372502166,7,4,61
"ind.351",6,7,0.114477356995221,0.440854499476078,0.0516994720981932,18.7423740708251,7,1,58
"ind.451",6,7,0.114477356995221,0.440854499476078,0.0516994720981932,36.2386860784804,2,0,17
"ind.551",6,7,0.114477356995221,0.440854499476078,0.0516994720981932,19.8052446958369,4,7,40
"ind.651",6,7,0.114477356995221,0.440854499476078,0.0516994720981932,23.0371662439522,0,4,5
"ind.751",6,7,0.114477356995221,0.440854499476078,0.0516994720981932,0.285193233677064,4,4,37
"ind.851",6,7,0.114477356995221,0.440854499476078,0.0516994720981932,10.2684935724882,4,1,34
"ind.951",6,7,0.114477356995221,0.440854499476078,0.0516994720981932,14.8762495645374,5,0,41
"ind.1051",6,7,0.114477356995221,0.440854499476078,0.0516994720981932,37.2578808017827,7,7,64
"ind.1181",6,7,0.114477356995221,0.440854499476078,0.0516994720981932,50,0,0,1
"ind.1253",6,7,0.114477356995221,0.440854499476078,0.0516994720981932,18.1903980428022,4,0,33
"ind.1351",6,7,0.114477356995221,0.440854499476078,0.0516994720981932,14.8280201517314,6,4,53
"ind.1451",6,7,0.114477356995221,0.440854499476078,0.0516994720981932,15.8807475814264,6,0,49
"ind.1551",6,7,0.114477356995221,0.440854499476078,0.0516994720981932,11.6826252352756,6,1,50
"ind.1651",6,7,0.114477356995221,0.440854499476078,0.0516994720981932,25.424006990257,5,7,48
"ind.1751",6,7,0.114477356995221,0.440854499476078,0.0516994720981932,30.0458297586598,0,3,4
"ind.1851",6,7,0.114477356995221,0.440854499476078,0.0516994720981932,21.551908941849,1,3,12
"ind.1951",6,7,0.114477356995221,0.440854499476078,0.0516994720981932,21.16695038872,6,5,54
"ind.2051",6,7,0.114477356995221,0.440854499476078,0.0516994720981932,19.4955935590157,2,2,19
"ind.2153",6,7,0.114477356995221,0.440854499476078,0.0516994720981932,21.9354671740218,7,3,60
"ind.2251",6,7,0.114477356995221,0.440854499476078,0.0516994720981932,5.33385965870827,2,6,23
"ind.2351",6,7,0.114477356995221,0.440854499476078,0.0516994720981932,9.76556855858595,1,7,16
"ind.2451",6,7,0.114477356995221,0.440854499476078,0.0516994720981932,4.02192835034464,5,2,43
"choice52",6,8,0.114477356995221,0.440854499476078,0.0516994720981932,37.1110147814765,7,4,61
"ind52",6,8,0.114477356995221,0.440854499476078,0.0516994720981932,50,3,7,32
"ind.1182",6,8,0.114477356995221,0.440854499476078,0.0516994720981932,42.3658086654227,3,6,31
"ind.290",6,8,0.114477356995221,0.440854499476078,0.0516994720981932,5.62664743331822,3,0,25
"ind.352",6,8,0.114477356995221,0.440854499476078,0.0516994720981932,50,3,7,32
"ind.452",6,8,0.114477356995221,0.440854499476078,0.0516994720981932,41.7403248813324,2,6,23
"ind.552",6,8,0.114477356995221,0.440854499476078,0.0516994720981932,16.5466909557224,4,3,36
"ind.652",6,8,0.114477356995221,0.440854499476078,0.0516994720981932,26.3536881352575,3,4,29
"ind.752",6,8,0.114477356995221,0.440854499476078,0.0516994720981932,30.1428546267465,6,4,53
"ind.852",6,8,0.114477356995221,0.440854499476078,0.0516994720981932,40.2269702242602,1,6,15
"ind.952",6,8,0.114477356995221,0.440854499476078,0.0516994720981932,31.6919420635779,1,4,13
"ind.1052",6,8,0.114477356995221,0.440854499476078,0.0516994720981932,12.7196672169529,2,0,17
"ind.1183",6,8,0.114477356995221,0.440854499476078,0.0516994720981932,49.6604002969904,4,7,40
"ind.1254",6,8,0.114477356995221,0.440854499476078,0.0516994720981932,15.4677470420242,2,1,18
"ind.1352",6,8,0.114477356995221,0.440854499476078,0.0516994720981932,0.709495478684058,4,0,33
"ind.1452",6,8,0.114477356995221,0.440854499476078,0.0516994720981932,15.1816841139581,6,2,51
"ind.1552",6,8,0.114477356995221,0.440854499476078,0.0516994720981932,50,3,7,32
"ind.1652",6,8,0.114477356995221,0.440854499476078,0.0516994720981932,22.6502934696153,6,3,52
"ind.1752",6,8,0.114477356995221,0.440854499476078,0.0516994720981932,35.3221684213681,1,5,14
"ind.1852",6,8,0.114477356995221,0.440854499476078,0.0516994720981932,34.2583032729412,3,5,30
"ind.1952",6,8,0.114477356995221,0.440854499476078,0.0516994720981932,24.9222400855955,4,4,37
"ind.2052",6,8,0.114477356995221,0.440854499476078,0.0516994720981932,13.0980243613918,3,2,27
"ind.2154",6,8,0.114477356995221,0.440854499476078,0.0516994720981932,46.1910273219646,1,7,16
"ind.2252",6,8,0.114477356995221,0.440854499476078,0.0516994720981932,33.0873518282571,0,2,3
"ind.2352",6,8,0.114477356995221,0.440854499476078,0.0516994720981932,42.0441144202091,6,6,55
"ind.2452",6,8,0.114477356995221,0.440854499476078,0.0516994720981932,25.1413505552317,7,2,59
"choice53",6,9,0.114477356995221,0.440854499476078,0.0516994720981932,4.91018534871287,0,1,2
"ind53",6,9,0.114477356995221,0.440854499476078,0.0516994720981932,12.8984721341527,0,4,5
"ind.1184",6,9,0.114477356995221,0.440854499476078,0.0516994720981932,17.6987004528826,4,6,39
"ind.291",6,9,0.114477356995221,0.440854499476078,0.0516994720981932,29.763999957107,6,2,51
"ind.353",6,9,0.114477356995221,0.440854499476078,0.0516994720981932,35.9760740557237,7,6,63
"ind.453",6,9,0.114477356995221,0.440854499476078,0.0516994720981932,39.3848200685257,5,1,42
"ind.553",6,9,0.114477356995221,0.440854499476078,0.0516994720981932,38.7243781658367,4,1,34
"ind.653",6,9,0.114477356995221,0.440854499476078,0.0516994720981932,13.5058545089351,1,0,9
"ind.753",6,9,0.114477356995221,0.440854499476078,0.0516994720981932,20.6789832116902,2,3,20
"ind.853",6,9,0.114477356995221,0.440854499476078,0.0516994720981932,39.8710229491697,4,0,33
"ind.953",6,9,0.114477356995221,0.440854499476078,0.0516994720981932,9.61148218048818,1,5,14
"ind.1053",6,9,0.114477356995221,0.440854499476078,0.0516994720981932,21.4396992946867,6,5,54
"ind.1185",6,9,0.114477356995221,0.440854499476078,0.0516994720981932,14.5876963987303,2,4,21
"ind.1255",6,9,0.114477356995221,0.440854499476078,0.0516994720981932,18.6210963268845,5,4,45
"ind.1353",6,9,0.114477356995221,0.440854499476078,0.0516994720981932,8.48977653259081,2,6,23
"ind.1453",6,9,0.114477356995221,0.440854499476078,0.0516994720981932,26.9119387338039,2,1,18
"ind.1553",6,9,0.114477356995221,0.440854499476078,0.0516994720981932,17.920355786441,5,5,46
"ind.1653",6,9,0.114477356995221,0.440854499476078,0.0516994720981932,42.075563870944,5,0,41
"ind.1753",6,9,0.114477356995221,0.440854499476078,0.0516994720981932,41.3030815760566,6,0,49
"ind.1853",6,9,0.114477356995221,0.440854499476078,0.0516994720981932,17.5216744058346,4,4,37
"ind.1953",6,9,0.114477356995221,0.440854499476078,0.0516994720981932,11.387856238054,3,5,30
"ind.2053",6,9,0.114477356995221,0.440854499476078,0.0516994720981932,32.5952404314298,5,2,43
"ind.2155",6,9,0.114477356995221,0.440854499476078,0.0516994720981932,24.7363046035925,7,5,62
"ind.2253",6,9,0.114477356995221,0.440854499476078,0.0516994720981932,16.9008371359097,1,3,12
"ind.2353",6,9,0.114477356995221,0.440854499476078,0.0516994720981932,14.4848033900441,4,5,38
"ind.2453",6,9,0.114477356995221,0.440854499476078,0.0516994720981932,16.6773471639578,1,1,10
"choice54",7,1,0.142437249815857,0.440854499476078,0.0516994720981932,29.6326630242071,4,1,34
"ind54",7,1,0.142437249815857,0.440854499476078,0.0516994720981932,36.9616640029422,0,7,8
"ind.1186",7,1,0.142437249815857,0.440854499476078,0.0516994720981932,7.78860863227001,5,6,47
"ind.292",7,1,0.142437249815857,0.440854499476078,0.0516994720981932,23.1963995290833,4,3,36
"ind.354",7,1,0.142437249815857,0.440854499476078,0.0516994720981932,14.3347090512119,5,5,46
"ind.454",7,1,0.142437249815857,0.440854499476078,0.0516994720981932,18.0289022426728,1,4,13
"ind.554",7,1,0.142437249815857,0.440854499476078,0.0516994720981932,12.7292334626205,7,0,57
"ind.654",7,1,0.142437249815857,0.440854499476078,0.0516994720981932,31.2909726832984,3,1,26
"ind.754",7,1,0.142437249815857,0.440854499476078,0.0516994720981932,20.2117000283339,1,5,14
"ind.854",7,1,0.142437249815857,0.440854499476078,0.0516994720981932,44.7102846567494,1,0,9
"ind.954",7,1,0.142437249815857,0.440854499476078,0.0516994720981932,15.7149942329003,3,5,30
"ind.1054",7,1,0.142437249815857,0.440854499476078,0.0516994720981932,28.7216808191124,0,2,3
"ind.1187",7,1,0.142437249815857,0.440854499476078,0.0516994720981932,39.5524153218325,0,1,2
"ind.1256",7,1,0.142437249815857,0.440854499476078,0.0516994720981932,20.1988516536426,1,3,12
"ind.1354",7,1,0.142437249815857,0.440854499476078,0.0516994720981932,8.73548160218315,3,7,32
"ind.1454",7,1,0.142437249815857,0.440854499476078,0.0516994720981932,20.5615170226154,2,3,20
"ind.1554",7,1,0.142437249815857,0.440854499476078,0.0516994720981932,18.2630762402257,3,4,29
"ind.1654",7,1,0.142437249815857,0.440854499476078,0.0516994720981932,26.818712773712,4,2,35
"ind.1754",7,1,0.142437249815857,0.440854499476078,0.0516994720981932,21.8326023395494,3,3,28
"ind.1854",7,1,0.142437249815857,0.440854499476078,0.0516994720981932,18.3948874378257,7,4,61
"ind.1954",7,1,0.142437249815857,0.440854499476078,0.0516994720981932,17.6285555577877,2,5,22
"ind.2054",7,1,0.142437249815857,0.440854499476078,0.0516994720981932,21.0795672620102,0,3,4
"ind.2156",7,1,0.142437249815857,0.440854499476078,0.0516994720981932,50,0,0,1
"ind.2254",7,1,0.142437249815857,0.440854499476078,0.0516994720981932,24.0055535091583,5,3,44
"ind.2354",7,1,0.142437249815857,0.440854499476078,0.0516994720981932,0,5,7,48
"ind.2454",7,1,0.142437249815857,0.440854499476078,0.0516994720981932,26.7810785492747,1,2,11
"choice55",7,2,0.142437249815857,0.440854499476078,0.0516994720981932,35.467910519134,2,1,18
"ind55",7,2,0.142437249815857,0.440854499476078,0.0516994720981932,11.8350895047081,5,3,44
"ind.1188",7,2,0.142437249815857,0.440854499476078,0.0516994720981932,15.8525997612445,7,4,61
"ind.293",7,2,0.142437249815857,0.440854499476078,0.0516994720981932,39.820262391051,4,0,33
"ind.355",7,2,0.142437249815857,0.440854499476078,0.0516994720981932,7.85305178505619,3,7,32
"ind.455",7,2,0.142437249815857,0.440854499476078,0.0516994720981932,7.62991585258268,1,4,13
"ind.555",7,2,0.142437249815857,0.440854499476078,0.0516994720981932,27.4397896309525,7,1,58
"ind.655",7,2,0.142437249815857,0.440854499476078,0.0516994720981932,25.697232868182,0,2,3
"ind.755",7,2,0.142437249815857,0.440854499476078,0.0516994720981932,34.6046733307328,7,0,57
"ind.855",7,2,0.142437249815857,0.440854499476078,0.0516994720981932,18.8385697489655,7,5,62
"ind.955",7,2,0.142437249815857,0.440854499476078,0.0516994720981932,14.6783798552484,6,6,55
"ind.1055",7,2,0.142437249815857,0.440854499476078,0.0516994720981932,19.2406330245418,0,6,7
"ind.1189",7,2,0.142437249815857,0.440854499476078,0.0516994720981932,1.93617466289598,4,6,39
"ind.1257",7,2,0.142437249815857,0.440854499476078,0.0516994720981932,45.1150291913872,2,0,17
"ind.1355",7,2,0.142437249815857,0.440854499476078,0.0516994720981932,11.4162090626765,6,5,54
"ind.1455",7,2,0.142437249815857,0.440854499476078,0.0516994720981932,39.820262391051,4,0,33
"ind.1555",7,2,0.142437249815857,0.440854499476078,0.0516994720981932,6.37550865063521,5,4,45
"ind.1655",7,2,0.142437249815857,0.440854499476078,0.0516994720981932,11.3525308054759,5,7,48
"ind.1755",7,2,0.142437249815857,0.440854499476078,0.0516994720981932,33.1439754757803,3,1,26
"ind.1855",7,2,0.142437249815857,0.440854499476078,0.0516994720981932,21.9844755021215,3,2,27
"ind.1955",7,2,0.142437249815857,0.440854499476078,0.0516994720981932,5.05607229086957,2,4,21
"ind.2055",7,2,0.142437249815857,0.440854499476078,0.0516994720981932,13.8864134448597,6,3,52
"ind.2157",7,2,0.142437249815857,0.440854499476078,0.0516994720981932,36.7258311304975,6,0,49
"ind.2255",7,2,0.142437249815857,0.440854499476078,0.0516994720981932,50,0,0,1
"ind.2355",7,2,0.142437249815857,0.440854499476078,0.0516994720981932,23.8004132666579,2,2,19
"ind.2455",7,2,0.142437249815857,0.440854499476078,0.0516994720981932,29.996300668626,5,1,42
"choice56",7,3,0.142437249815857,0.440854499476078,0.0516994720981932,31.2602022418306,6,3,52
"ind56",7,3,0.142437249815857,0.440854499476078,0.0516994720981932,48.5917085156925,5,0,41
"ind.1190",7,3,0.142437249815857,0.440854499476078,0.0516994720981932,3.66047861904274,0,5,6
"ind.294",7,3,0.142437249815857,0.440854499476078,0.0516994720981932,14.6656565961379,3,5,30
"ind.356",7,3,0.142437249815857,0.440854499476078,0.0516994720981932,0,1,7,16
"ind.456",7,3,0.142437249815857,0.440854499476078,0.0516994720981932,15.5653303069007,4,6,39
"ind.556",7,3,0.142437249815857,0.440854499476078,0.0516994720981932,50,4,0,33
"ind.656",7,3,0.142437249815857,0.440854499476078,0.0516994720981932,20.9116737147342,6,7,56
"ind.756",7,3,0.142437249815857,0.440854499476078,0.0516994720981932,11.1836782283455,1,4,13
"ind.856",7,3,0.142437249815857,0.440854499476078,0.0516994720981932,23.3268237647486,7,5,62
"ind.956",7,3,0.142437249815857,0.440854499476078,0.0516994720981932,28.2367998096643,5,4,45
"ind.1056",7,3,0.142437249815857,0.440854499476078,0.0516994720981932,18.9611204428604,1,3,12
"ind.1191",7,3,0.142437249815857,0.440854499476078,0.0516994720981932,4.79222050424852,2,6,23
"ind.1258",7,3,0.142437249815857,0.440854499476078,0.0516994720981932,32.2049819953688,4,3,36
"ind.1356",7,3,0.142437249815857,0.440854499476078,0.0516994720981932,40.3714944064926,6,1,50
"ind.1456",7,3,0.142437249815857,0.440854499476078,0.0516994720981932,9.19564011829138,2,5,22
"ind.1556",7,3,0.142437249815857,0.440854499476078,0.0516994720981932,44.1664010213306,6,0,49
"ind.1656",7,3,0.142437249815857,0.440854499476078,0.0516994720981932,44.1664010213306,6,0,49
"ind.1756",7,3,0.142437249815857,0.440854499476078,0.0516994720981932,35.7553916126887,1,1,10
"ind.1856",7,3,0.142437249815857,0.440854499476078,0.0516994720981932,36.3720672579703,3,2,27
"ind.1956",7,3,0.142437249815857,0.440854499476078,0.0516994720981932,31.8032874146273,0,1,2
"ind.2056",7,3,0.142437249815857,0.440854499476078,0.0516994720981932,26.2007670333928,7,3,60
"ind.2158",7,3,0.142437249815857,0.440854499476078,0.0516994720981932,44.4727933817778,5,1,42
"ind.2256",7,3,0.142437249815857,0.440854499476078,0.0516994720981932,5.24037333238071,1,5,14
"ind.2356",7,3,0.142437249815857,0.440854499476078,0.0516994720981932,48.5917085156925,5,0,41
"ind.2456",7,3,0.142437249815857,0.440854499476078,0.0516994720981932,20.9781705386983,3,4,29
"choice57",7,4,0.142437249815857,0.440854499476078,0.0516994720981932,16.2116072999519,2,6,23
"ind57",7,4,0.142437249815857,0.440854499476078,0.0516994720981932,13.9969419188392,7,5,62
"ind.1192",7,4,0.142437249815857,0.440854499476078,0.0516994720981932,23.1236900919609,0,5,6
"ind.295",7,4,0.142437249815857,0.440854499476078,0.0516994720981932,10.4855616318175,6,5,54
"ind.357",7,4,0.142437249815857,0.440854499476078,0.0516994720981932,5.05800573239374,4,3,36
"ind.457",7,4,0.142437249815857,0.440854499476078,0.0516994720981932,19.3827615917539,3,7,32
"ind.557",7,4,0.142437249815857,0.440854499476078,0.0516994720981932,23.0901370883859,1,0,9
"ind.657",7,4,0.142437249815857,0.440854499476078,0.0516994720981932,4.57626919307913,3,5,30
"ind.757",7,4,0.142437249815857,0.440854499476078,0.0516994720981932,13.5066796926652,7,4,61
"ind.857",7,4,0.142437249815857,0.440854499476078,0.0516994720981932,11.8504094826423,4,2,35
"ind.957",7,4,0.142437249815857,0.440854499476078,0.0516994720981932,23.2144484488735,6,2,51
"ind.1057",7,4,0.142437249815857,0.440854499476078,0.0516994720981932,42.9789704995159,5,0,41
"ind.1193",7,4,0.142437249815857,0.440854499476078,0.0516994720981932,18.0789981760145,5,2,43
"ind.1259",7,4,0.142437249815857,0.440854499476078,0.0516994720981932,36.5533195448792,4,0,33
"ind.1357",7,4,0.142437249815857,0.440854499476078,0.0516994720981932,14.7282096867721,0,4,5
"ind.1457",7,4,0.142437249815857,0.440854499476078,0.0516994720981932,29.5817579603412,5,1,42
"ind.1557",7,4,0.142437249815857,0.440854499476078,0.0516994720981932,9.92075521038678,0,3,4
"ind.1657",7,4,0.142437249815857,0.440854499476078,0.0516994720981932,7.9075152227413,2,5,22
"ind.1757",7,4,0.142437249815857,0.440854499476078,0.0516994720981932,32.3391926723186,0,6,7
"ind.1857",7,4,0.142437249815857,0.440854499476078,0.0516994720981932,15.940117217447,3,1,26
"ind.1957",7,4,0.142437249815857,0.440854499476078,0.0516994720981932,20.7235192799273,6,7,56
"ind.2057",7,4,0.142437249815857,0.440854499476078,0.0516994720981932,26.249171113859,7,2,59
"ind.2159",7,4,0.142437249815857,0.440854499476078,0.0516994720981932,9.46073501024035,4,6,39
"ind.2257",7,4,0.142437249815857,0.440854499476078,0.0516994720981932,11.5785249710508,2,1,18
"ind.2357",7,4,0.142437249815857,0.440854499476078,0.0516994720981932,2.01183347360784,2,4,21
"ind.2457",7,4,0.142437249815857,0.440854499476078,0.0516994720981932,25.0595161730492,2,7,24
"choice58",7,5,0.142437249815857,0.440854499476078,0.0516994720981932,30.7516581461976,2,1,18
"ind58",7,5,0.142437249815857,0.440854499476078,0.0516994720981932,27.9116078771697,3,3,28
"ind.1194",7,5,0.142437249815857,0.440854499476078,0.0516994720981932,25.7809981157827,2,2,19
"ind.296",7,5,0.142437249815857,0.440854499476078,0.0516994720981932,47.8750997820484,7,2,59
"ind.358",7,5,0.142437249815857,0.440854499476078,0.0516994720981932,24.716747336443,4,5,38
"ind.458",7,5,0.142437249815857,0.440854499476078,0.0516994720981932,40.4984972654032,4,0,33
"ind.558",7,5,0.142437249815857,0.440854499476078,0.0516994720981932,50,7,1,58
"ind.658",7,5,0.142437249815857,0.440854499476078,0.0516994720981932,50,7,1,58
"ind.758",7,5,0.142437249815857,0.440854499476078,0.0516994720981932,43.416573560067,6,2,51
"ind.858",7,5,0.142437249815857,0.440854499476078,0.0516994720981932,33.5232931779639,2,0,17
"ind.958",7,5,0.142437249815857,0.440854499476078,0.0516994720981932,22.9360905925001,4,6,39
"ind.1058",7,5,0.142437249815857,0.440854499476078,0.0516994720981932,42.879180863049,5,1,42
"ind.1195",7,5,0.142437249815857,0.440854499476078,0.0516994720981932,26.1657925467393,5,7,48
"ind.1260",7,5,0.142437249815857,0.440854499476078,0.0516994720981932,35.9007064839489,7,4,61
"ind.1358",7,5,0.142437249815857,0.440854499476078,0.0516994720981932,31.4661484066962,5,4,45
"ind.1458",7,5,0.142437249815857,0.440854499476078,0.0516994720981932,28.3675492433327,4,4,37
"ind.1558",7,5,0.142437249815857,0.440854499476078,0.0516994720981932,28.0788329445155,7,6,63
"ind.1658",7,5,0.142437249815857,0.440854499476078,0.0516994720981932,4.72021189087325,1,6,15
"ind.1758",7,5,0.142437249815857,0.440854499476078,0.0516994720981932,15.986186418843,2,4,21
"ind.1858",7,5,0.142437249815857,0.440854499476078,0.0516994720981932,12.6454295206347,1,3,12
"ind.1958",7,5,0.142437249815857,0.440854499476078,0.0516994720981932,37.2160512694924,3,1,26
"ind.2058",7,5,0.142437249815857,0.440854499476078,0.0516994720981932,17.8592533258208,3,7,32
"ind.2160",7,5,0.142437249815857,0.440854499476078,0.0516994720981932,36.4899803657894,5,3,44
"ind.2258",7,5,0.142437249815857,0.440854499476078,0.0516994720981932,23.1296327966189,3,4,29
"ind.2358",7,5,0.142437249815857,0.440854499476078,0.0516994720981932,10.877494379424,0,2,3
"ind.2458",7,5,0.142437249815857,0.440854499476078,0.0516994720981932,28.9390028724025,6,5,54
"choice59",7,6,0.142437249815857,0.440854499476078,0.0516994720981932,20.8807017437392,5,4,45
"ind59",7,6,0.142437249815857,0.440854499476078,0.0516994720981932,28.1642510020729,3,4,29
"ind.1196",7,6,0.142437249815857,0.440854499476078,0.0516994720981932,28.4587738262211,1,4,13
"ind.297",7,6,0.142437249815857,0.440854499476078,0.0516994720981932,24.2789016014027,1,5,14
"ind.359",7,6,0.142437249815857,0.440854499476078,0.0516994720981932,41.9895568802032,0,1,2
"ind.459",7,6,0.142437249815857,0.440854499476078,0.0516994720981932,47.5607943782107,3,0,25
"ind.559",7,6,0.142437249815857,0.440854499476078,0.0516994720981932,35.4209865631023,5,0,41
"ind.659",7,6,0.142437249815857,0.440854499476078,0.0516994720981932,46.0042087946931,2,1,18
"ind.759",7,6,0.142437249815857,0.440854499476078,0.0516994720981932,34.6671957064026,2,3,20
"ind.859",7,6,0.142437249815857,0.440854499476078,0.0516994720981932,25.3008821762511,5,3,44
"ind.959",7,6,0.142437249815857,0.440854499476078,0.0516994720981932,46.0042087946931,2,1,18
"ind.1059",7,6,0.142437249815857,0.440854499476078,0.0516994720981932,27.9708845835103,0,4,5
"ind.1197",7,6,0.142437249815857,0.440854499476078,0.0516994720981932,39.3131712106162,1,2,11
"ind.1261",7,6,0.142437249815857,0.440854499476078,0.0516994720981932,47.5607943782107,3,0,25
"ind.1359",7,6,0.142437249815857,0.440854499476078,0.0516994720981932,0,7,7,64
"ind.1459",7,6,0.142437249815857,0.440854499476078,0.0516994720981932,22.4829073289523,3,5,30
"ind.1559",7,6,0.142437249815857,0.440854499476078,0.0516994720981932,22.7018962747342,7,0,57
"ind.1659",7,6,0.142437249815857,0.440854499476078,0.0516994720981932,25.1398895712699,0,5,6
"ind.1759",7,6,0.142437249815857,0.440854499476078,0.0516994720981932,3.85830104199364,5,7,48
"ind.1859",7,6,0.142437249815857,0.440854499476078,0.0516994720981932,45.0025627113718,1,1,10
"ind.1959",7,6,0.142437249815857,0.440854499476078,0.0516994720981932,46.9731067526107,0,0,1
"ind.2059",7,6,0.142437249815857,0.440854499476078,0.0516994720981932,13.3882372650243,7,3,60
"ind.2161",7,6,0.142437249815857,0.440854499476078,0.0516994720981932,33.5675164557655,1,3,12
"ind.2259",7,6,0.142437249815857,0.440854499476078,0.0516994720981932,6.76352126995025,6,6,55
"ind.2359",7,6,0.142437249815857,0.440854499476078,0.0516994720981932,29.2505112471723,5,2,43
"ind.2459",7,6,0.142437249815857,0.440854499476078,0.0516994720981932,47.5607943782107,3,0,25
"choice60",7,7,0.142437249815857,0.440854499476078,0.0516994720981932,30.1572116414151,6,6,55
"ind60",7,7,0.142437249815857,0.440854499476078,0.0516994720981932,10.6319704101634,4,0,33
"ind.1198",7,7,0.142437249815857,0.440854499476078,0.0516994720981932,17.5235854085094,0,1,2
"ind.298",7,7,0.142437249815857,0.440854499476078,0.0516994720981932,35.9957722217355,3,7,32
"ind.360",7,7,0.142437249815857,0.440854499476078,0.0516994720981932,49.3807771023969,2,5,22
"ind.460",7,7,0.142437249815857,0.440854499476078,0.0516994720981932,48.6728394087935,1,4,13
"ind.560",7,7,0.142437249815857,0.440854499476078,0.0516994720981932,30.875385751287,7,6,63
"ind.660",7,7,0.142437249815857,0.440854499476078,0.0516994720981932,46.8216730271491,0,7,8
"ind.760",7,7,0.142437249815857,0.440854499476078,0.0516994720981932,48.6728394087935,1,4,13
"ind.860",7,7,0.142437249815857,0.440854499476078,0.0516994720981932,48.6728394087935,1,4,13
"ind.960",7,7,0.142437249815857,0.440854499476078,0.0516994720981932,21.2718347470547,4,1,34
"ind.1060",7,7,0.142437249815857,0.440854499476078,0.0516994720981932,46.5464237347201,3,5,30
"ind.1199",7,7,0.142437249815857,0.440854499476078,0.0516994720981932,49.3807771023969,2,5,22
"ind.1262",7,7,0.142437249815857,0.440854499476078,0.0516994720981932,3.28747281738236,6,0,49
"ind.1360",7,7,0.142437249815857,0.440854499476078,0.0516994720981932,20.2745672606639,1,1,10
"ind.1460",7,7,0.142437249815857,0.440854499476078,0.0516994720981932,44.3276812491136,4,4,37
"ind.1560",7,7,0.142437249815857,0.440854499476078,0.0516994720981932,49.3807771023969,2,5,22
"ind.1660",7,7,0.142437249815857,0.440854499476078,0.0516994720981932,47.809882745726,0,5,6
"ind.1760",7,7,0.142437249815857,0.440854499476078,0.0516994720981932,47.809882745726,0,5,6
"ind.1860",7,7,0.142437249815857,0.440854499476078,0.0516994720981932,47.5147817026113,0,6,7
"ind.1960",7,7,0.142437249815857,0.440854499476078,0.0516994720981932,27.6501386829046,5,2,43
"ind.2060",7,7,0.142437249815857,0.440854499476078,0.0516994720981932,47.809882745726,0,5,6
"ind.2162",7,7,0.142437249815857,0.440854499476078,0.0516994720981932,10.5420314619335,2,0,17
"ind.2260",7,7,0.142437249815857,0.440854499476078,0.0516994720981932,24.5416652050927,7,3,60
"ind.2360",7,7,0.142437249815857,0.440854499476078,0.0516994720981932,44.6322861635281,2,3,20
"ind.2460",7,7,0.142437249815857,0.440854499476078,0.0516994720981932,46.0428161403232,2,6,23
"choice61",7,8,0.142437249815857,0.440854499476078,0.0516994720981932,9.19636889520784,0,0,1
"ind61",7,8,0.142437249815857,0.440854499476078,0.0516994720981932,15.4888908836195,0,7,8
"ind.1200",7,8,0.142437249815857,0.440854499476078,0.0516994720981932,43.5238453297915,6,3,52
"ind.299",7,8,0.142437249815857,0.440854499476078,0.0516994720981932,13.9909635705038,2,4,21
"ind.361",7,8,0.142437249815857,0.440854499476078,0.0516994720981932,50,7,2,59
"ind.461",7,8,0.142437249815857,0.440854499476078,0.0516994720981932,33.8781237824221,3,0,25
"ind.561",7,8,0.142437249815857,0.440854499476078,0.0516994720981932,30.5956571443012,3,1,26
"ind.661",7,8,0.142437249815857,0.440854499476078,0.0516994720981932,50,7,2,59
"ind.761",7,8,0.142437249815857,0.440854499476078,0.0516994720981932,13.7382016938531,1,7,16
"ind.861",7,8,0.142437249815857,0.440854499476078,0.0516994720981932,26.266766334846,4,4,37
"ind.961",7,8,0.142437249815857,0.440854499476078,0.0516994720981932,36.6124127545717,5,3,44
"ind.1061",7,8,0.142437249815857,0.440854499476078,0.0516994720981932,8.63057807738434,1,3,12
"ind.11100",7,8,0.142437249815857,0.440854499476078,0.0516994720981932,14.6888749152046,3,6,31
"ind.1263",7,8,0.142437249815857,0.440854499476078,0.0516994720981932,27.0660178657376,3,2,27
"ind.1361",7,8,0.142437249815857,0.440854499476078,0.0516994720981932,12.4433306628596,3,7,32
"ind.1461",7,8,0.142437249815857,0.440854499476078,0.0516994720981932,37.9627810932268,7,0,57
"ind.1561",7,8,0.142437249815857,0.440854499476078,0.0516994720981932,4.93987950687492,0,1,2
"ind.1661",7,8,0.142437249815857,0.440854499476078,0.0516994720981932,31.0271294061939,6,5,54
"ind.1761",7,8,0.142437249815857,0.440854499476078,0.0516994720981932,20.6174566582212,1,0,9
"ind.1861",7,8,0.142437249815857,0.440854499476078,0.0516994720981932,50,7,2,59
"ind.1961",7,8,0.142437249815857,0.440854499476078,0.0516994720981932,29.3823367378184,2,0,17
"ind.2061",7,8,0.142437249815857,0.440854499476078,0.0516994720981932,37.7690961065579,5,2,43
"ind.2163",7,8,0.142437249815857,0.440854499476078,0.0516994720981932,29.7937918802937,4,3,36
"ind.2261",7,8,0.142437249815857,0.440854499476078,0.0516994720981932,50,7,2,59
"ind.2361",7,8,0.142437249815857,0.440854499476078,0.0516994720981932,13.6728641804701,5,7,48
"ind.2461",7,8,0.142437249815857,0.440854499476078,0.0516994720981932,20.1460643696086,3,4,29
"choice62",7,9,0.142437249815857,0.440854499476078,0.0516994720981932,24.6227287010394,7,6,63
"ind62",7,9,0.142437249815857,0.440854499476078,0.0516994720981932,24.6786613309046,4,5,38
"ind.1201",7,9,0.142437249815857,0.440854499476078,0.0516994720981932,45.1099039249908,0,3,4
"ind.2100",7,9,0.142437249815857,0.440854499476078,0.0516994720981932,42.7810134515258,1,2,11
"ind.362",7,9,0.142437249815857,0.440854499476078,0.0516994720981932,24.0645490420927,3,6,31
"ind.462",7,9,0.142437249815857,0.440854499476078,0.0516994720981932,3.18035708529255,5,0,41
"ind.562",7,9,0.142437249815857,0.440854499476078,0.0516994720981932,23.3238178571178,7,7,64
"ind.662",7,9,0.142437249815857,0.440854499476078,0.0516994720981932,24.474610071952,7,5,62
"ind.762",7,9,0.142437249815857,0.440854499476078,0.0516994720981932,16.7175420461556,3,0,25
"ind.862",7,9,0.142437249815857,0.440854499476078,0.0516994720981932,50,0,2,3
"ind.962",7,9,0.142437249815857,0.440854499476078,0.0516994720981932,50,0,2,3
"ind.1062",7,9,0.142437249815857,0.440854499476078,0.0516994720981932,22.2434032537767,7,4,61
"ind.11101",7,9,0.142437249815857,0.440854499476078,0.0516994720981932,24.1103991558961,5,6,47
"ind.1264",7,9,0.142437249815857,0.440854499476078,0.0516994720981932,23.7642549935582,6,6,55
"ind.1362",7,9,0.142437249815857,0.440854499476078,0.0516994720981932,0.172102239583628,6,0,49
"ind.1462",7,9,0.142437249815857,0.440854499476078,0.0516994720981932,24.8440988935381,0,5,6
"ind.1562",7,9,0.142437249815857,0.440854499476078,0.0516994720981932,22.4969671032401,5,7,48
"ind.1662",7,9,0.142437249815857,0.440854499476078,0.0516994720981932,17.9785965425856,7,3,60
"ind.1762",7,9,0.142437249815857,0.440854499476078,0.0516994720981932,40.4752939643335,1,1,10
"ind.1862",7,9,0.142437249815857,0.440854499476078,0.0516994720981932,16.71590037237,4,2,35
"ind.1962",7,9,0.142437249815857,0.440854499476078,0.0516994720981932,22.5075477042961,3,1,26
"ind.2062",7,9,0.142437249815857,0.440854499476078,0.0516994720981932,0,7,0,57
"ind.2164",7,9,0.142437249815857,0.440854499476078,0.0516994720981932,2.10875204328968,0,7,8
"ind.2262",7,9,0.142437249815857,0.440854499476078,0.0516994720981932,32.9130924330678,2,3,20
"ind.2362",7,9,0.142437249815857,0.440854499476078,0.0516994720981932,50,0,2,3
"ind.2462",7,9,0.142437249815857,0.440854499476078,0.0516994720981932,35.8639946139857,0,4,5
"choice63",8,1,0.177226052973529,0.440854499476078,0.0516994720981932,25.6464249265472,2,2,19
"ind63",8,1,0.177226052973529,0.440854499476078,0.0516994720981932,1.0402097419815,7,6,63
"ind.1202",8,1,0.177226052973529,0.440854499476078,0.0516994720981932,13.453728341269,4,2,35
"ind.2101",8,1,0.177226052973529,0.440854499476078,0.0516994720981932,14.7820414199144,7,3,60
"ind.363",8,1,0.177226052973529,0.440854499476078,0.0516994720981932,10.2012731085854,7,4,61
"ind.463",8,1,0.177226052973529,0.440854499476078,0.0516994720981932,12.4847112002381,5,1,42
"ind.563",8,1,0.177226052973529,0.440854499476078,0.0516994720981932,36.1413234509105,0,4,5
"ind.663",8,1,0.177226052973529,0.440854499476078,0.0516994720981932,50,0,0,1
"ind.763",8,1,0.177226052973529,0.440854499476078,0.0516994720981932,50,0,0,1
"ind.863",8,1,0.177226052973529,0.440854499476078,0.0516994720981932,22.997321452037,1,5,14
"ind.963",8,1,0.177226052973529,0.440854499476078,0.0516994720981932,28.1947302816912,2,1,18
"ind.1063",8,1,0.177226052973529,0.440854499476078,0.0516994720981932,30.4752221616437,2,0,17
"ind.11102",8,1,0.177226052973529,0.440854499476078,0.0516994720981932,10.5315123252041,4,3,36
"ind.1265",8,1,0.177226052973529,0.440854499476078,0.0516994720981932,50,0,0,1
"ind.1363",8,1,0.177226052973529,0.440854499476078,0.0516994720981932,15.0583984221561,2,5,22
"ind.1463",8,1,0.177226052973529,0.440854499476078,0.0516994720981932,11.8065651378872,5,2,43
"ind.1563",8,1,0.177226052973529,0.440854499476078,0.0516994720981932,3.12259729057651,5,5,46
"ind.1663",8,1,0.177226052973529,0.440854499476078,0.0516994720981932,15.2636663291175,4,1,34
"ind.1763",8,1,0.177226052973529,0.440854499476078,0.0516994720981932,4.53292617690232,4,5,38
"ind.1863",8,1,0.177226052973529,0.440854499476078,0.0516994720981932,1.70607717339731,6,7,56
"ind.1963",8,1,0.177226052973529,0.440854499476078,0.0516994720981932,18.5030291898099,2,4,21
"ind.2063",8,1,0.177226052973529,0.440854499476078,0.0516994720981932,31.7178845266775,1,3,12
"ind.2165",8,1,0.177226052973529,0.440854499476078,0.0516994720981932,12.6472210622012,6,1,50
"ind.2263",8,1,0.177226052973529,0.440854499476078,0.0516994720981932,8.55016070017573,3,5,30
"ind.2363",8,1,0.177226052973529,0.440854499476078,0.0516994720981932,39.8482417918441,1,0,9
"ind.2463",8,1,0.177226052973529,0.440854499476078,0.0516994720981932,13.1072755273121,6,2,51
"choice64",8,2,0.177226052973529,0.440854499476078,0.0516994720981932,17.120488696533,0,7,8
"ind64",8,2,0.177226052973529,0.440854499476078,0.0516994720981932,39.9171516322662,1,4,13
"ind.1203",8,2,0.177226052973529,0.440854499476078,0.0516994720981932,47.9352653649171,1,2,11
"ind.2102",8,2,0.177226052973529,0.440854499476078,0.0516994720981932,30.8812296340697,3,5,30
"ind.364",8,2,0.177226052973529,0.440854499476078,0.0516994720981932,39.7418751851187,3,4,29
"ind.464",8,2,0.177226052973529,0.440854499476078,0.0516994720981932,27.7674865097524,4,5,38
"ind.564",8,2,0.177226052973529,0.440854499476078,0.0516994720981932,29.216766131279,5,4,45
"ind.664",8,2,0.177226052973529,0.440854499476078,0.0516994720981932,19.383976273362,4,6,39
"ind.764",8,2,0.177226052973529,0.440854499476078,0.0516994720981932,9.15086535304597,6,6,55
"ind.864",8,2,0.177226052973529,0.440854499476078,0.0516994720981932,14.3967521740716,6,5,54
"ind.964",8,2,0.177226052973529,0.440854499476078,0.0516994720981932,35.947622049602,4,4,37
"ind.1064",8,2,0.177226052973529,0.440854499476078,0.0516994720981932,17.1643650780768,7,1,58
"ind.11103",8,2,0.177226052973529,0.440854499476078,0.0516994720981932,26.8784591025996,6,2,51
"ind.1266",8,2,0.177226052973529,0.440854499476078,0.0516994720981932,41.0892378825164,3,0,25
"ind.1364",8,2,0.177226052973529,0.440854499476078,0.0516994720981932,42.6747639857304,0,3,4
"ind.1464",8,2,0.177226052973529,0.440854499476078,0.0516994720981932,14.5436073022138,3,7,32
"ind.1564",8,2,0.177226052973529,0.440854499476078,0.0516994720981932,16.0759469429662,2,7,24
"ind.1664",8,2,0.177226052973529,0.440854499476078,0.0516994720981932,43.9776133185562,0,2,3
"ind.1764",8,2,0.177226052973529,0.440854499476078,0.0516994720981932,40.8563373289565,2,4,21
"ind.1864",8,2,0.177226052973529,0.440854499476078,0.0516994720981932,31.4066841205407,5,0,41
"ind.1964",8,2,0.177226052973529,0.440854499476078,0.0516994720981932,1.66769496614177,7,6,63
"ind.2064",8,2,0.177226052973529,0.440854499476078,0.0516994720981932,33.2964645665265,0,0,1
"ind.2166",8,2,0.177226052973529,0.440854499476078,0.0516994720981932,40.9957319218265,2,0,17
"ind.2264",8,2,0.177226052973529,0.440854499476078,0.0516994720981932,36.9654850412139,5,2,43
"ind.2364",8,2,0.177226052973529,0.440854499476078,0.0516994720981932,45.0703617907439,1,1,10
"ind.2464",8,2,0.177226052973529,0.440854499476078,0.0516994720981932,40.9957319218265,2,0,17
"choice65",8,3,0.177226052973529,0.440854499476078,0.0516994720981932,44.6482538661169,5,2,43
"ind65",8,3,0.177226052973529,0.440854499476078,0.0516994720981932,50,5,6,47
"ind.1204",8,3,0.177226052973529,0.440854499476078,0.0516994720981932,22.4802104228238,2,2,19
"ind.2103",8,3,0.177226052973529,0.440854499476078,0.0516994720981932,50,5,6,47
"ind.365",8,3,0.177226052973529,0.440854499476078,0.0516994720981932,47.7341467571425,4,7,40
"ind.465",8,3,0.177226052973529,0.440854499476078,0.0516994720981932,44.5326620561922,7,1,58
"ind.565",8,3,0.177226052973529,0.440854499476078,0.0516994720981932,6.97925279881967,0,4,5
"ind.665",8,3,0.177226052973529,0.440854499476078,0.0516994720981932,45.6109259415161,5,0,41
"ind.765",8,3,0.177226052973529,0.440854499476078,0.0516994720981932,44.6536653860387,6,3,52
"ind.865",8,3,0.177226052973529,0.440854499476078,0.0516994720981932,33.0619151799903,2,5,22
"ind.965",8,3,0.177226052973529,0.440854499476078,0.0516994720981932,47.7341467571425,4,7,40
"ind.1065",8,3,0.177226052973529,0.440854499476078,0.0516994720981932,45.3580793845411,6,4,53
"ind.11104",8,3,0.177226052973529,0.440854499476078,0.0516994720981932,47.880644956521,5,4,45
"ind.1267",8,3,0.177226052973529,0.440854499476078,0.0516994720981932,42.528486628897,4,3,36
"ind.1365",8,3,0.177226052973529,0.440854499476078,0.0516994720981932,28.0533531457725,2,0,17
"ind.1465",8,3,0.177226052973529,0.440854499476078,0.0516994720981932,50,5,6,47
"ind.1565",8,3,0.177226052973529,0.440854499476078,0.0516994720981932,20.897480072606,0,6,7
"ind.1665",8,3,0.177226052973529,0.440854499476078,0.0516994720981932,47.8765740090585,4,5,38
"ind.1765",8,3,0.177226052973529,0.440854499476078,0.0516994720981932,45.3580793845411,6,4,53
"ind.1865",8,3,0.177226052973529,0.440854499476078,0.0516994720981932,40.8042877844652,4,1,34
"ind.1965",8,3,0.177226052973529,0.440854499476078,0.0516994720981932,26.0302691622168,0,7,8
"ind.2065",8,3,0.177226052973529,0.440854499476078,0.0516994720981932,38.166159149469,3,4,29
"ind.2167",8,3,0.177226052973529,0.440854499476078,0.0516994720981932,42.4740384424322,4,0,33
"ind.2265",8,3,0.177226052973529,0.440854499476078,0.0516994720981932,45.3222232902186,4,4,37
"ind.2365",8,3,0.177226052973529,0.440854499476078,0.0516994720981932,45.8991433294015,5,3,44
"ind.2465",8,3,0.177226052973529,0.440854499476078,0.0516994720981932,45.3580793845411,6,4,53
"choice66",8,4,0.177226052973529,0.440854499476078,0.0516994720981932,1.44607668133419,2,7,24
"ind66",8,4,0.177226052973529,0.440854499476078,0.0516994720981932,48.0070526776144,6,0,49
"ind.1205",8,4,0.177226052973529,0.440854499476078,0.0516994720981932,4.66469692362023,3,6,31
"ind.2104",8,4,0.177226052973529,0.440854499476078,0.0516994720981932,17.4787961882901,5,5,46
"ind.366",8,4,0.177226052973529,0.440854499476078,0.0516994720981932,1.09608157464494,1,5,14
"ind.466",8,4,0.177226052973529,0.440854499476078,0.0516994720981932,35.559432833733,7,3,60
"ind.566",8,4,0.177226052973529,0.440854499476078,0.0516994720981932,19.0283802162921,3,3,28
"ind.666",8,4,0.177226052973529,0.440854499476078,0.0516994720981932,18.7757276883765,1,2,11
"ind.766",8,4,0.177226052973529,0.440854499476078,0.0516994720981932,12.6040864344661,3,4,29
"ind.866",8,4,0.177226052973529,0.440854499476078,0.0516994720981932,8.19373806662002,2,4,21
"ind.966",8,4,0.177226052973529,0.440854499476078,0.0516994720981932,13.6713401862484,5,6,47
"ind.1066",8,4,0.177226052973529,0.440854499476078,0.0516994720981932,30.1852921770275,4,2,35
"ind.11105",8,4,0.177226052973529,0.440854499476078,0.0516994720981932,11.2693628306356,1,3,12
"ind.1268",8,4,0.177226052973529,0.440854499476078,0.0516994720981932,37.1674472107169,6,2,51
"ind.1366",8,4,0.177226052973529,0.440854499476078,0.0516994720981932,12.5094600171326,4,5,38
"ind.1466",8,4,0.177226052973529,0.440854499476078,0.0516994720981932,18.6998541883813,6,6,55
"ind.1566",8,4,0.177226052973529,0.440854499476078,0.0516994720981932,3.82041866245752,0,4,5
"ind.1666",8,4,0.177226052973529,0.440854499476078,0.0516994720981932,40.2947886644425,7,2,59
"ind.1766",8,4,0.177226052973529,0.440854499476078,0.0516994720981932,36.7102927188534,4,1,34
"ind.1866",8,4,0.177226052973529,0.440854499476078,0.0516994720981932,3.52870047058922,3,7,32
"ind.1966",8,4,0.177226052973529,0.440854499476078,0.0516994720981932,20.8845570044784,7,7,64
"ind.2066",8,4,0.177226052973529,0.440854499476078,0.0516994720981932,23.5102543953897,4,3,36
"ind.2168",8,4,0.177226052973529,0.440854499476078,0.0516994720981932,31.7263418792373,6,3,52
"ind.2266",8,4,0.177226052973529,0.440854499476078,0.0516994720981932,14.7338794143969,2,3,20
"ind.2366",8,4,0.177226052973529,0.440854499476078,0.0516994720981932,50,7,0,57
"ind.2466",8,4,0.177226052973529,0.440854499476078,0.0516994720981932,50,7,0,57
"choice67",8,5,0.177226052973529,0.440854499476078,0.0516994720981932,21.5221410932055,5,6,47
"ind67",8,5,0.177226052973529,0.440854499476078,0.0516994720981932,43.6629503582321,4,4,37
"ind.1206",8,5,0.177226052973529,0.440854499476078,0.0516994720981932,41.3950239104525,4,0,33
"ind.2105",8,5,0.177226052973529,0.440854499476078,0.0516994720981932,20.1264859666202,7,5,62
"ind.367",8,5,0.177226052973529,0.440854499476078,0.0516994720981932,31.6160795742853,5,5,46
"ind.467",8,5,0.177226052973529,0.440854499476078,0.0516994720981932,35.7896347735462,6,4,53
"ind.567",8,5,0.177226052973529,0.440854499476078,0.0516994720981932,29.8666988899325,1,7,16
"ind.667",8,5,0.177226052973529,0.440854499476078,0.0516994720981932,46.3155427066936,5,3,44
"ind.767",8,5,0.177226052973529,0.440854499476078,0.0516994720981932,33.4133794178301,3,6,31
"ind.867",8,5,0.177226052973529,0.440854499476078,0.0516994720981932,45.4427008355866,3,4,29
"ind.967",8,5,0.177226052973529,0.440854499476078,0.0516994720981932,43.9849271571526,2,3,20
"ind.1067",8,5,0.177226052973529,0.440854499476078,0.0516994720981932,47.602285918843,4,2,35
"ind.11106",8,5,0.177226052973529,0.440854499476078,0.0516994720981932,41.9965647727158,1,5,14
"ind.1269",8,5,0.177226052973529,0.440854499476078,0.0516994720981932,40.3071839577268,5,4,45
"ind.1367",8,5,0.177226052973529,0.440854499476078,0.0516994720981932,46.5735749631851,3,3,28
"ind.1467",8,5,0.177226052973529,0.440854499476078,0.0516994720981932,45.2294994997282,2,4,21
"ind.1567",8,5,0.177226052973529,0.440854499476078,0.0516994720981932,11.2161955048068,5,7,48
"ind.1667",8,5,0.177226052973529,0.440854499476078,0.0516994720981932,47.602285918843,4,2,35
"ind.1767",8,5,0.177226052973529,0.440854499476078,0.0516994720981932,28.2159297282039,0,2,3
"ind.1867",8,5,0.177226052973529,0.440854499476078,0.0516994720981932,15.1639558953431,6,6,55
"ind.1967",8,5,0.177226052973529,0.440854499476078,0.0516994720981932,27.8708119744059,4,6,39
"ind.2067",8,5,0.177226052973529,0.440854499476078,0.0516994720981932,43.6938077956073,6,3,52
"ind.2169",8,5,0.177226052973529,0.440854499476078,0.0516994720981932,39.6327728810557,2,2,19
"ind.2267",8,5,0.177226052973529,0.440854499476078,0.0516994720981932,36.9227277344739,2,6,23
"ind.2367",8,5,0.177226052973529,0.440854499476078,0.0516994720981932,46.1163747443727,7,2,59
"ind.2467",8,5,0.177226052973529,0.440854499476078,0.0516994720981932,48.5200057832726,5,1,42
"choice68",8,6,0.177226052973529,0.440854499476078,0.0516994720981932,34.4398754743683,3,1,26
"ind68",8,6,0.177226052973529,0.440854499476078,0.0516994720981932,29.9021867207453,6,6,55
"ind.1207",8,6,0.177226052973529,0.440854499476078,0.0516994720981932,25.2126532323174,7,2,59
"ind.2106",8,6,0.177226052973529,0.440854499476078,0.0516994720981932,39.3848200685257,5,1,42
"ind.368",8,6,0.177226052973529,0.440854499476078,0.0516994720981932,9.58188245478036,0,6,7
"ind.468",8,6,0.177226052973529,0.440854499476078,0.0516994720981932,24.8330567613416,4,3,36
"ind.568",8,6,0.177226052973529,0.440854499476078,0.0516994720981932,14.4848033900441,4,5,38
"ind.668",8,6,0.177226052973529,0.440854499476078,0.0516994720981932,19.6749496221052,7,3,60
"ind.768",8,6,0.177226052973529,0.440854499476078,0.0516994720981932,26.7079577053848,4,7,40
"ind.868",8,6,0.177226052973529,0.440854499476078,0.0516994720981932,7.55690496786286,1,6,15
"ind.968",8,6,0.177226052973529,0.440854499476078,0.0516994720981932,35.9760740557237,7,6,63
"ind.1068",8,6,0.177226052973529,0.440854499476078,0.0516994720981932,34.289066912028,3,0,25
"ind.11107",8,6,0.177226052973529,0.440854499476078,0.0516994720981932,12.2117294324877,3,6,31
"ind.1270",8,6,0.177226052973529,0.440854499476078,0.0516994720981932,17.5216744058346,4,4,37
"ind.1368",8,6,0.177226052973529,0.440854499476078,0.0516994720981932,11.3875126065088,0,5,6
"ind.1468",8,6,0.177226052973529,0.440854499476078,0.0516994720981932,21.4396992946867,6,5,54
"ind.1568",8,6,0.177226052973529,0.440854499476078,0.0516994720981932,30.4352100542928,3,2,27
"ind.1668",8,6,0.177226052973529,0.440854499476078,0.0516994720981932,4.91018534871287,0,1,2
"ind.1768",8,6,0.177226052973529,0.440854499476078,0.0516994720981932,25.3350303513342,2,2,19
"ind.1868",8,6,0.177226052973529,0.440854499476078,0.0516994720981932,42.075563870944,5,0,41
"ind.1968",8,6,0.177226052973529,0.440854499476078,0.0516994720981932,39.8710229491697,4,0,33
"ind.2068",8,6,0.177226052973529,0.440854499476078,0.0516994720981932,32.4335211954151,7,1,58
"ind.2170",8,6,0.177226052973529,0.440854499476078,0.0516994720981932,42.624942344305,6,7,56
"ind.2268",8,6,0.177226052973529,0.440854499476078,0.0516994720981932,22.6485904301363,6,3,52
"ind.2368",8,6,0.177226052973529,0.440854499476078,0.0516994720981932,29.763999957107,6,2,51
"ind.2468",8,6,0.177226052973529,0.440854499476078,0.0516994720981932,18.6422101882831,3,7,32
"choice69",8,7,0.177226052973529,0.440854499476078,0.0516994720981932,14.5389936872559,1,1,10
"ind69",8,7,0.177226052973529,0.440854499476078,0.0516994720981932,11.744001971971,6,3,52
"ind.1208",8,7,0.177226052973529,0.440854499476078,0.0516994720981932,14.8276376561096,4,3,36
"ind.2107",8,7,0.177226052973529,0.440854499476078,0.0516994720981932,28.0581811471627,6,5,54
"ind.369",8,7,0.177226052973529,0.440854499476078,0.0516994720981932,24.7110354061742,0,2,3
"ind.469",8,7,0.177226052973529,0.440854499476078,0.0516994720981932,19.5639598005385,5,4,45
"ind.569",8,7,0.177226052973529,0.440854499476078,0.0516994720981932,32.8045646822849,4,7,40
"ind.669",8,7,0.177226052973529,0.440854499476078,0.0516994720981932,1.90160730459215,5,1,42
"ind.769",8,7,0.177226052973529,0.440854499476078,0.0516994720981932,29.6473615884869,0,3,4
"ind.869",8,7,0.177226052973529,0.440854499476078,0.0516994720981932,20.3440180139311,7,4,61
"ind.969",8,7,0.177226052973529,0.440854499476078,0.0516994720981932,2.64126843979286,5,0,41
"ind.1069",8,7,0.177226052973529,0.440854499476078,0.0516994720981932,25.417011837559,3,6,31
"ind.11108",8,7,0.177226052973529,0.440854499476078,0.0516994720981932,25.6454721958581,1,5,14
"ind.1271",8,7,0.177226052973529,0.440854499476078,0.0516994720981932,39.5564455105259,5,7,48
"ind.1369",8,7,0.177226052973529,0.440854499476078,0.0516994720981932,11.2469626617324,7,1,58
"ind.1469",8,7,0.177226052973529,0.440854499476078,0.0516994720981932,37.1166929642353,6,6,55
"ind.1569",8,7,0.177226052973529,0.440854499476078,0.0516994720981932,5.1000378808005,6,1,50
"ind.1669",8,7,0.177226052973529,0.440854499476078,0.0516994720981932,24.7259197425975,3,5,30
"ind.1769",8,7,0.177226052973529,0.440854499476078,0.0516994720981932,30.408288014148,0,4,5
"ind.1869",8,7,0.177226052973529,0.440854499476078,0.0516994720981932,20.4290008869,2,7,24
"ind.1969",8,7,0.177226052973529,0.440854499476078,0.0516994720981932,18.6755424288836,3,3,28
"ind.2069",8,7,0.177226052973529,0.440854499476078,0.0516994720981932,25.4099807749147,2,4,21
"ind.2171",8,7,0.177226052973529,0.440854499476078,0.0516994720981932,20.7420364266852,0,6,7
"ind.2269",8,7,0.177226052973529,0.440854499476078,0.0516994720981932,12.3415877050021,5,3,44
"ind.2369",8,7,0.177226052973529,0.440854499476078,0.0516994720981932,26.0121561340164,3,7,32
"ind.2469",8,7,0.177226052973529,0.440854499476078,0.0516994720981932,22.8306088829645,3,4,29
"choice70",8,8,0.177226052973529,0.440854499476078,0.0516994720981932,16.0669608690071,2,4,21
"ind70",8,8,0.177226052973529,0.440854499476078,0.0516994720981932,29.2483366919423,3,1,26
"ind.1209",8,8,0.177226052973529,0.440854499476078,0.0516994720981932,16.2148247138773,5,5,46
"ind.2108",8,8,0.177226052973529,0.440854499476078,0.0516994720981932,36.5983312316213,0,4,5
"ind.370",8,8,0.177226052973529,0.440854499476078,0.0516994720981932,19.5098637329097,3,3,28
"ind.470",8,8,0.177226052973529,0.440854499476078,0.0516994720981932,5.36329844549723,3,5,30
"ind.570",8,8,0.177226052973529,0.440854499476078,0.0516994720981932,29.7799782729217,5,0,41
"ind.670",8,8,0.177226052973529,0.440854499476078,0.0516994720981932,30.3903462893685,5,1,42
"ind.770",8,8,0.177226052973529,0.440854499476078,0.0516994720981932,25.9660408427018,3,2,27
"ind.870",8,8,0.177226052973529,0.440854499476078,0.0516994720981932,32.8478626066242,6,2,51
"ind.970",8,8,0.177226052973529,0.440854499476078,0.0516994720981932,0,2,7,24
"ind.1070",8,8,0.177226052973529,0.440854499476078,0.0516994720981932,27.9350637614388,4,0,33
"ind.11109",8,8,0.177226052973529,0.440854499476078,0.0516994720981932,31.2729844484728,2,2,19
"ind.1272",8,8,0.177226052973529,0.440854499476078,0.0516994720981932,1.95598771574227,2,6,23
"ind.1370",8,8,0.177226052973529,0.440854499476078,0.0516994720981932,29.639631797997,6,3,52
"ind.1470",8,8,0.177226052973529,0.440854499476078,0.0516994720981932,34.3062711148304,6,1,50
"ind.1570",8,8,0.177226052973529,0.440854499476078,0.0516994720981932,40.9231081611518,1,1,10
"ind.1670",8,8,0.177226052973529,0.440854499476078,0.0516994720981932,19.5244886412419,5,7,48
"ind.1770",8,8,0.177226052973529,0.440854499476078,0.0516994720981932,49.1569968508173,0,1,2
"ind.1870",8,8,0.177226052973529,0.440854499476078,0.0516994720981932,7.6451090570006,4,6,39
"ind.1970",8,8,0.177226052973529,0.440854499476078,0.0516994720981932,18.8495715178789,5,4,45
"ind.2070",8,8,0.177226052973529,0.440854499476078,0.0516994720981932,2.63020484734889,3,7,32
"ind.2172",8,8,0.177226052973529,0.440854499476078,0.0516994720981932,36.4774890427454,7,0,57
"ind.2270",8,8,0.177226052973529,0.440854499476078,0.0516994720981932,26.3269219015666,6,4,53
"ind.2370",8,8,0.177226052973529,0.440854499476078,0.0516994720981932,32.2070490821065,7,6,63
"ind.2470",8,8,0.177226052973529,0.440854499476078,0.0516994720981932,28.4930132149607,3,0,25
"choice71",8,9,0.177226052973529,0.440854499476078,0.0516994720981932,26.3560026719701,0,0,1
"ind71",8,9,0.177226052973529,0.440854499476078,0.0516994720981932,1.07780452595888,3,3,28
"ind.1273",8,9,0.177226052973529,0.440854499476078,0.0516994720981932,4.57626919307913,3,5,30
"ind.2109",8,9,0.177226052973529,0.440854499476078,0.0516994720981932,2.01183347360784,2,4,21
"ind.371",8,9,0.177226052973529,0.440854499476078,0.0516994720981932,14.2195817409865,6,6,55
"ind.471",8,9,0.177226052973529,0.440854499476078,0.0516994720981932,11.1862240765505,3,6,31
"ind.571",8,9,0.177226052973529,0.440854499476078,0.0516994720981932,14.7282096867721,0,4,5
"ind.671",8,9,0.177226052973529,0.440854499476078,0.0516994720981932,6.88947524598805,1,4,13
"ind.771",8,9,0.177226052973529,0.440854499476078,0.0516994720981932,2.77088776959076,4,4,37
"ind.871",8,9,0.177226052973529,0.440854499476078,0.0516994720981932,14.7094323751087,6,3,52
"ind.971",8,9,0.177226052973529,0.440854499476078,0.0516994720981932,24.5121913815674,2,0,17
"ind.1071",8,9,0.177226052973529,0.440854499476078,0.0516994720981932,10.4855616318175,6,5,54
"ind.11110",8,9,0.177226052973529,0.440854499476078,0.0516994720981932,29.5817579603412,5,1,42
"ind.1274",8,9,0.177226052973529,0.440854499476078,0.0516994720981932,17.6829441576695,7,3,60
"ind.1371",8,9,0.177226052973529,0.440854499476078,0.0516994720981932,16.2116072999519,2,6,23
"ind.1471",8,9,0.177226052973529,0.440854499476078,0.0516994720981932,25.0284869562988,7,7,64
"ind.1571",8,9,0.177226052973529,0.440854499476078,0.0516994720981932,9.46073501024035,4,6,39
"ind.1671",8,9,0.177226052973529,0.440854499476078,0.0516994720981932,20.7235192799273,6,7,56
"ind.1771",8,9,0.177226052973529,0.440854499476078,0.0516994720981932,50,7,0,57
"ind.1871",8,9,0.177226052973529,0.440854499476078,0.0516994720981932,16.2370942344974,0,1,2
"ind.1971",8,9,0.177226052973529,0.440854499476078,0.0516994720981932,4.51146940999717,4,5,38
"ind.2071",8,9,0.177226052973529,0.440854499476078,0.0516994720981932,15.940117217447,3,1,26
"ind.2173",8,9,0.177226052973529,0.440854499476078,0.0516994720981932,16.7964069042412,4,7,40
"ind.2271",8,9,0.177226052973529,0.440854499476078,0.0516994720981932,50,7,0,57
"ind.2371",8,9,0.177226052973529,0.440854499476078,0.0516994720981932,3.02118291508852,1,3,12
"ind.2471",8,9,0.177226052973529,0.440854499476078,0.0516994720981932,36.5533195448792,4,0,33
